599701_sweeps	1.000/0.000/0.000/0.000	0.000/0.000/0.000/1.000	0.000/0.500/0.500/0.000	0.250/0.250/0.250/0.250	0.500/0.250/0.250/0.000	0.000/0.250/0.250/0.500	0.750/0.125/0.125/0.000	0.000/0.125/0.125/0.750	0.875/0.062/0.062/0.000	0.000/0.062/0.062/0.875
1	0.00000	0.97942	0.00000	0.00000	0.00000	0.00000	0.00000	0.00005	0.00000	0.02053
2	0.00000	0.99794	0.00000	0.00000	0.00000	0.00000	0.00000	0.00000	0.00000	0.00206
3	0.00000	0.99029	0.00000	0.00000	0.00000	0.00000	0.00000	0.00002	0.00000	0.00970
4	0.00000	0.99539	0.00000	0.00000	0.00000	0.00000	0.00000	0.00000	0.00000	0.00460
5	0.00000	0.99762	0.00000	0.00000	0.00000	0.00000	0.00000	0.00000	0.00000	0.00238
6	0.00000	0.99766	0.00000	0.00000	0.00000	0.00000	0.00000	0.00000	0.00000	0.00234
7	0.00000	0.98874	0.00000	0.00000	0.00000	0.00000	0.00000	0.00003	0.00000	0.01123
8	0.00000	0.99940	0.00000	0.00000	0.00000	0.00000	0.00000	0.00000	0.00000	0.00060
9	0.00000	0.99839	0.00000	0.00000	0.00000	0.00000	0.00000	0.00000	0.00000	0.00161
10	0.00000	0.97562	0.00000	0.00000	0.00000	0.00000	0.00000	0.00004	0.00000	0.02434
11	0.00000	0.97789	0.00000	0.00000	0.00000	0.00000	0.00000	0.00007	0.00000	0.02204
12	0.00000	0.99949	0.00000	0.00000	0.00000	0.00000	0.00000	0.00000	0.00000	0.00051
13	0.00000	0.97937	0.00000	0.00000	0.00000	0.00000	0.00000	0.00012	0.00000	0.02051
14	0.00000	0.99909	0.00000	0.00000	0.00000	0.00000	0.00000	0.00000	0.00000	0.00091
15	0.00000	0.99923	0.00000	0.00000	0.00000	0.00000	0.00000	0.00000	0.00000	0.00077
16	0.00000	0.99938	0.00000	0.00000	0.00000	0.00000	0.00000	0.00000	0.00000	0.00062
17	0.00000	0.99542	0.00000	0.00000	0.00000	0.00000	0.00000	0.00001	0.00000	0.00457
18	0.99431	0.00000	0.00000	0.00000	0.00000	0.00000	0.00001	0.00000	0.00569	0.00000
19	0.00000	0.98184	0.00000	0.00000	0.00000	0.00000	0.00000	0.00004	0.00000	0.01812
20	0.00000	0.99817	0.00000	0.00000	0.00000	0.00000	0.00000	0.00000	0.00000	0.00183
21	0.00000	0.99851	0.00000	0.00000	0.00000	0.00000	0.00000	0.00000	0.00000	0.00149
22	0.00000	0.93429	0.00000	0.00000	0.00000	0.00000	0.00000	0.00013	0.00000	0.06558
23	0.00000	0.81467	0.00000	0.00000	0.00000	0.00000	0.00000	0.00072	0.00000	0.18461
24	0.99075	0.00000	0.00000	0.00000	0.00000	0.00000	0.00002	0.00000	0.00923	0.00000
25	0.98304	0.00000	0.00000	0.00000	0.00000	0.00000	0.00003	0.00000	0.01693	0.00000
26	0.98857	0.00000	0.00000	0.00000	0.00000	0.00000	0.00004	0.00000	0.01139	0.00000
27	0.90422	0.00000	0.00000	0.00000	0.00000	0.00000	0.00203	0.00000	0.09375	0.00000
28	0.80549	0.00000	0.00000	0.00000	0.00000	0.00000	0.00224	0.00000	0.19227	0.00000
29	0.98653	0.00000	0.00000	0.00000	0.00000	0.00000	0.00003	0.00000	0.01344	0.00000
30	0.99538	0.00000	0.00000	0.00000	0.00000	0.00000	0.00001	0.00000	0.00461	0.00000
31	0.98544	0.00000	0.00000	0.00000	0.00000	0.00000	0.00004	0.00000	0.01452	0.00000
32	0.97857	0.00000	0.00000	0.00000	0.00000	0.00000	0.00010	0.00000	0.02133	0.00000
33	0.00000	0.99084	0.00000	0.00000	0.00000	0.00000	0.00000	0.00002	0.00000	0.00914
34	0.84880	0.00000	0.00000	0.00000	0.00000	0.00000	0.00193	0.00000	0.14927	0.00000
35	0.98084	0.00000	0.00000	0.00000	0.00000	0.00000	0.00009	0.00000	0.01906	0.00000
36	0.99958	0.00000	0.00000	0.00000	0.00000	0.00000	0.00000	0.00000	0.00042	0.00000
37	0.98736	0.00000	0.00000	0.00000	0.00000	0.00000	0.00002	0.00000	0.01262	0.00000
38	0.99229	0.00000	0.00000	0.00000	0.00000	0.00000	0.00001	0.00000	0.00770	0.00000
39	0.76766	0.00000	0.00000	0.00000	0.00000	0.00000	0.00984	0.00000	0.22250	0.00000
40	0.97666	0.00000	0.00000	0.00000	0.00000	0.00000	0.00011	0.00000	0.02323	0.00000
41	0.00000	0.94718	0.00000	0.00000	0.00000	0.00000	0.00000	0.00031	0.00000	0.05251
42	0.99497	0.00000	0.00000	0.00000	0.00000	0.00000	0.00001	0.00000	0.00503	0.00000
43	0.96611	0.00000	0.00000	0.00000	0.00000	0.00000	0.00031	0.00000	0.03358	0.00000
44	0.40909	0.00000	0.00000	0.00000	0.00000	0.00000	0.02846	0.00000	0.56245	0.00000
45	0.99213	0.00000	0.00000	0.00000	0.00000	0.00000	0.00002	0.00000	0.00785	0.00000
46	0.93273	0.00000	0.00000	0.00000	0.00000	0.00000	0.00083	0.00000	0.06644	0.00000
47	0.92499	0.00000	0.00000	0.00000	0.00000	0.00000	0.00050	0.00000	0.07451	0.00000
48	0.98405	0.00000	0.00000	0.00000	0.00000	0.00000	0.00006	0.00000	0.01589	0.00000
49	0.98886	0.00000	0.00000	0.00000	0.00000	0.00000	0.00003	0.00000	0.01112	0.00000
50	0.99551	0.00000	0.00000	0.00000	0.00000	0.00000	0.00000	0.00000	0.00448	0.00000
51	0.77945	0.00000	0.00000	0.00000	0.00000	0.00000	0.01076	0.00000	0.20979	0.00000
52	0.98774	0.00000	0.00000	0.00000	0.00000	0.00000	0.00004	0.00000	0.01222	0.00000
53	0.93730	0.00000	0.00000	0.00000	0.00000	0.00000	0.00065	0.00000	0.06205	0.00000
54	0.92709	0.00000	0.00000	0.00000	0.00000	0.00000	0.00086	0.00000	0.07205	0.00000
55	0.99654	0.00000	0.00000	0.00000	0.00000	0.00000	0.00000	0.00000	0.00346	0.00000
56	0.99099	0.00000	0.00000	0.00000	0.00000	0.00000	0.00002	0.00000	0.00899	0.00000
57	0.99604	0.00000	0.00000	0.00000	0.00000	0.00000	0.00000	0.00000	0.00396	0.00000
58	0.95508	0.00000	0.00000	0.00000	0.00000	0.00000	0.00030	0.00000	0.04462	0.00000
59	0.97845	0.00000	0.00000	0.00000	0.00000	0.00000	0.00007	0.00000	0.02148	0.00000
60	0.99318	0.00000	0.00000	0.00000	0.00000	0.00000	0.00002	0.00000	0.00681	0.00000
61	0.94794	0.00000	0.00000	0.00000	0.00000	0.00000	0.00022	0.00000	0.05184	0.00000
62	0.99545	0.00000	0.00000	0.00000	0.00000	0.00000	0.00000	0.00000	0.00454	0.00000
63	0.92206	0.00000	0.00000	0.00000	0.00000	0.00000	0.00038	0.00000	0.07756	0.00000
64	0.99232	0.00000	0.00000	0.00000	0.00000	0.00000	0.00001	0.00000	0.00767	0.00000
65	0.78755	0.00000	0.00000	0.00000	0.00000	0.00000	0.00136	0.00000	0.21109	0.00000
66	0.99735	0.00000	0.00000	0.00000	0.00000	0.00000	0.00000	0.00000	0.00265	0.00000
67	0.99361	0.00000	0.00000	0.00000	0.00000	0.00000	0.00001	0.00000	0.00638	0.00000
68	0.33492	0.00000	0.00000	0.00000	0.00000	0.00000	0.04770	0.00000	0.61738	0.00000
69	0.97427	0.00000	0.00000	0.00000	0.00000	0.00000	0.00008	0.00000	0.02565	0.00000
70	0.98823	0.00000	0.00000	0.00000	0.00000	0.00000	0.00004	0.00000	0.01173	0.00000
71	0.97444	0.00000	0.00000	0.00000	0.00000	0.00000	0.00010	0.00000	0.02546	0.00000
72	0.66028	0.00000	0.00000	0.00000	0.00000	0.00000	0.00880	0.00000	0.33092	0.00000
73	0.99384	0.00000	0.00000	0.00000	0.00000	0.00000	0.00001	0.00000	0.00615	0.00000
74	0.98638	0.00000	0.00000	0.00000	0.00000	0.00000	0.00004	0.00000	0.01357	0.00000
75	0.98940	0.00000	0.00000	0.00000	0.00000	0.00000	0.00002	0.00000	0.01057	0.00000
76	0.90301	0.00000	0.00000	0.00000	0.00000	0.00000	0.00048	0.00000	0.09651	0.00000
77	0.97134	0.00000	0.00000	0.00000	0.00000	0.00000	0.00024	0.00000	0.02842	0.00000
78	0.00000	0.99644	0.00000	0.00000	0.00000	0.00000	0.00000	0.00000	0.00000	0.00356
79	0.00000	0.98734	0.00000	0.00000	0.00000	0.00000	0.00000	0.00003	0.00000	0.01263
80	0.99448	0.00000	0.00000	0.00000	0.00000	0.00000	0.00001	0.00000	0.00551	0.00000
81	0.98052	0.00000	0.00000	0.00000	0.00000	0.00000	0.00007	0.00000	0.01941	0.00000
82	0.98085	0.00000	0.00000	0.00000	0.00000	0.00000	0.00005	0.00000	0.01911	0.00000
83	0.00000	0.98596	0.00000	0.00000	0.00000	0.00000	0.00000	0.00003	0.00000	0.01401
84	0.99160	0.00000	0.00000	0.00000	0.00000	0.00000	0.00001	0.00000	0.00839	0.00000
