0.000010 0.999970 0.000010 0.000010
0.000010 0.999970 0.000010 0.000010
0.000010 0.869121 0.000010 0.130859
0.000010 0.851834 0.000010 0.148146
0.000010 0.768438 0.000010 0.231542
0.000010 0.723981 0.000010 0.275999
0.000010 0.823832 0.000010 0.176148
0.000010 0.956266 0.000010 0.043714
0.000010 0.999970 0.000010 0.000010
0.000010 0.934311 0.000010 0.065669
0.000010 0.964777 0.000010 0.035203
0.008892 0.825513 0.000010 0.165585
0.000010 0.999970 0.000010 0.000010
0.006174 0.864327 0.000010 0.129490
0.000010 0.955183 0.000010 0.044797
0.000010 0.948402 0.000010 0.051578
0.000010 0.999970 0.000010 0.000010
0.007185 0.461642 0.000010 0.531164
0.000010 0.331271 0.000010 0.668709
0.000010 0.584770 0.000010 0.415210
0.000010 0.493401 0.000010 0.506579
0.000010 0.477612 0.000010 0.522368
0.000010 0.718980 0.000010 0.281000
0.524345 0.246044 0.000010 0.229601
0.000010 0.557530 0.000010 0.442450
0.000010 0.799577 0.000010 0.200403
0.000010 0.460656 0.000010 0.539324
0.000010 0.511252 0.000010 0.488728
0.000010 0.504221 0.000010 0.495759
0.000010 0.616133 0.000010 0.383847
0.000010 0.580518 0.000010 0.419462
0.000010 0.470899 0.529081 0.000010
0.000010 0.500853 0.499127 0.000010
0.000010 0.507197 0.492783 0.000010
0.000010 0.487849 0.512131 0.000010
0.000010 0.525414 0.474566 0.000010
0.000010 0.488110 0.511870 0.000010
0.000010 0.487968 0.512012 0.000010
0.000010 0.999970 0.000010 0.000010
0.000010 0.999970 0.000010 0.000010
0.000010 0.892450 0.000010 0.107530
0.000010 0.514450 0.485530 0.000010
0.000010 0.510475 0.489505 0.000010
0.000010 0.786735 0.000010 0.213245
0.000010 0.707618 0.000010 0.292362
0.000010 0.507073 0.492907 0.000010
0.000010 0.499156 0.500824 0.000010
0.000010 0.489929 0.510051 0.000010
0.000010 0.855969 0.000010 0.144011
0.000012 0.805057 0.000010 0.194921
0.000010 0.765156 0.000010 0.234824
0.000010 0.509774 0.490206 0.000010
0.000010 0.639832 0.005789 0.354369
0.000010 0.533137 0.466843 0.000010
0.000010 0.541667 0.458313 0.000010
0.000010 0.503155 0.496825 0.000010
0.000010 0.821292 0.000010 0.178688
0.000011 0.809109 0.000010 0.190870
0.000010 0.491288 0.508692 0.000010
0.000010 0.541778 0.458202 0.000010
0.000010 0.838908 0.000010 0.161072
0.000010 0.999970 0.000010 0.000010
0.000010 0.947878 0.000010 0.052102
0.999970 0.000010 0.000010 0.000010
0.000010 0.000010 0.999970 0.000010
0.000010 0.000010 0.999970 0.000010
0.000010 0.547699 0.452281 0.000010
0.000010 0.892649 0.000010 0.107331
0.000010 0.506780 0.493200 0.000010
0.000010 0.515747 0.484233 0.000010
0.000019 0.778751 0.000010 0.221220
0.000010 0.502257 0.497723 0.000010
0.000010 0.729056 0.008046 0.262888
0.000010 0.545939 0.454041 0.000010
0.000010 0.000010 0.999970 0.000010
0.000010 0.000010 0.999970 0.000010
0.000010 0.000010 0.999970 0.000010
0.000010 0.000010 0.999970 0.000010
0.000010 0.000010 0.999970 0.000010
0.000010 0.000010 0.999970 0.000010
0.000010 0.000010 0.999970 0.000010
0.000010 0.000010 0.999970 0.000010
0.999970 0.000010 0.000010 0.000010
0.000010 0.862322 0.000010 0.137658
0.000010 0.965051 0.000010 0.034929
0.000010 0.999970 0.000010 0.000010
0.999970 0.000010 0.000010 0.000010
0.134217 0.150652 0.611565 0.103566
0.000010 0.000010 0.999970 0.000010
0.138762 0.248940 0.612288 0.000010
0.830381 0.000010 0.000010 0.169599
0.000010 0.000010 0.999970 0.000010
0.000010 0.999970 0.000010 0.000010
0.106428 0.268405 0.625157 0.000010
0.000010 0.894285 0.000010 0.105695
0.999970 0.000010 0.000010 0.000010
0.999970 0.000010 0.000010 0.000010
0.000010 0.056851 0.000010 0.943129
0.000010 0.000010 0.000010 0.999970
0.000010 0.000010 0.000010 0.999970
0.000010 0.920317 0.000010 0.079663
0.000010 0.000010 0.000010 0.999970
0.000010 0.009528 0.000010 0.990452
0.000010 0.877931 0.000010 0.122049
0.000010 0.504962 0.000010 0.495018
0.000010 0.893309 0.000010 0.106671
0.000010 0.195899 0.000010 0.804081
0.999970 0.000010 0.000010 0.000010
0.007649 0.000010 0.000010 0.992331
0.000010 0.000010 0.000010 0.999970
0.000010 0.147678 0.000010 0.852302
0.999970 0.000010 0.000010 0.000010
0.176690 0.252317 0.570983 0.000010
0.006959 0.890867 0.011351 0.090823
0.999970 0.000010 0.000010 0.000010
0.999970 0.000010 0.000010 0.000010
0.000010 0.000010 0.000010 0.999970
0.036955 0.789762 0.017297 0.155985
0.999970 0.000010 0.000010 0.000010
0.000010 0.898196 0.000010 0.101784
0.534596 0.328517 0.136878 0.000010
0.008706 0.833779 0.000010 0.157506
0.000010 0.000010 0.999970 0.000010
0.118446 0.251454 0.629092 0.001007
0.000010 0.527810 0.472170 0.000010
0.000010 0.000010 0.999970 0.000010
0.999970 0.000010 0.000010 0.000010
0.000010 0.000010 0.999970 0.000010
0.075950 0.230354 0.573948 0.119748
0.000010 0.118240 0.000010 0.881740
0.000010 0.000010 0.999970 0.000010
0.999970 0.000010 0.000010 0.000010
0.077945 0.334190 0.587855 0.000010
0.000010 0.342096 0.000010 0.657884
0.103081 0.278577 0.582020 0.036322
0.000010 0.541469 0.000010 0.458511
0.000010 0.816289 0.183691 0.000010
0.000010 0.727898 0.000010 0.272082
0.999965 0.000015 0.000010 0.000010
0.987795 0.002598 0.000010 0.009597
0.000010 0.237122 0.260933 0.501935
0.000010 0.981384 0.000010 0.018596
0.999970 0.000010 0.000010 0.000010
0.000010 0.999970 0.000010 0.000010
0.000010 0.929094 0.000010 0.070886
0.000010 0.472787 0.000010 0.527193
0.000010 0.696899 0.000010 0.303081
0.125151 0.159850 0.584481 0.130519
0.999970 0.000010 0.000010 0.000010
0.999970 0.000010 0.000010 0.000010
0.000010 0.493058 0.506922 0.000010
0.981512 0.018468 0.000010 0.000010
0.009517 0.990463 0.000010 0.000010
0.000010 0.888255 0.000010 0.111725
0.000010 0.821555 0.000010 0.178425
0.999970 0.000010 0.000010 0.000010
0.000010 0.936413 0.000010 0.063567
0.000010 0.921202 0.000010 0.078778
0.000010 0.898523 0.000010 0.101457
0.999970 0.000010 0.000010 0.000010
0.009898 0.808432 0.000010 0.181659
0.000010 0.892096 0.000010 0.107884
0.999966 0.000014 0.000010 0.000010
0.000010 0.000010 0.961864 0.038116
0.000010 0.418844 0.564163 0.016984
0.000010 0.427871 0.000010 0.572109
0.000010 0.527698 0.034181 0.438110
0.504743 0.446032 0.000010 0.049215
0.028417 0.747545 0.224028 0.000010
0.054880 0.644357 0.300753 0.000010
0.000010 0.905922 0.005041 0.089027
0.001788 0.434274 0.000010 0.563927
0.000010 0.000010 0.000010 0.999970
0.491634 0.000010 0.000010 0.508346
0.503762 0.000010 0.000010 0.496218
0.000010 0.013390 0.551058 0.435542
0.000010 0.000010 0.000010 0.999970
0.000010 0.000010 0.542921 0.457059
0.000010 0.000010 0.000010 0.999970
0.000010 0.245735 0.000010 0.754245
0.115595 0.184396 0.615963 0.084046
0.000010 0.074131 0.000010 0.925849
0.173994 0.071666 0.608596 0.145744
0.999964 0.000016 0.000010 0.000010
0.000010 0.899845 0.000010 0.100135
0.000010 0.999970 0.000010 0.000010
0.000010 0.999970 0.000010 0.000010
0.007113 0.992867 0.000010 0.000010
0.000010 0.697891 0.001607 0.300492
0.000010 0.052391 0.000010 0.947589
0.004417 0.079703 0.000010 0.915870
0.000010 0.076022 0.000010 0.923958
0.000010 0.139828 0.000010 0.860152
0.000010 0.069887 0.000010 0.930093
0.000010 0.000010 0.000010 0.999970
0.000010 0.000010 0.000010 0.999970
0.000010 0.049067 0.000010 0.950913
0.000010 0.000010 0.000010 0.999970
0.682430 0.019930 0.233258 0.064382
0.471383 0.441177 0.004787 0.082653
0.999970 0.000010 0.000010 0.000010
0.003778 0.731542 0.000010 0.264670
0.000010 0.826137 0.000010 0.173843
0.000010 0.834118 0.000010 0.165862
0.999970 0.000010 0.000010 0.000010
0.999970 0.000010 0.000010 0.000010
0.013879 0.635989 0.251436 0.098697
0.000010 0.985190 0.014790 0.000010
0.000010 0.967497 0.015802 0.016691
0.009699 0.968431 0.000010 0.021860
0.023900 0.791723 0.184367 0.000010
0.000010 0.953938 0.000010 0.046042
0.030320 0.891020 0.000010 0.078650
0.022242 0.953416 0.014516 0.009826
0.029126 0.702695 0.000010 0.268170
0.000010 0.892138 0.006402 0.101450
0.502771 0.467603 0.000010 0.029616
0.000010 0.952310 0.006450 0.041230
0.000010 0.927118 0.000010 0.072862
0.568271 0.382928 0.048791 0.000010
0.000010 0.914346 0.003162 0.082482
0.000010 0.884710 0.000010 0.115270
0.001101 0.795116 0.000010 0.203773
0.000010 0.228955 0.000010 0.771025
0.000010 0.108237 0.000010 0.891743
0.000010 0.109447 0.000010 0.890533
0.999970 0.000010 0.000010 0.000010
0.000010 0.000010 0.999970 0.000010
0.000010 0.184793 0.000010 0.815187
0.000010 0.000010 0.999970 0.000010
0.000010 0.234057 0.000010 0.765923
0.999970 0.000010 0.000010 0.000010
0.999970 0.000010 0.000010 0.000010
0.114696 0.310440 0.574854 0.000010
0.000010 0.000010 0.999970 0.000010
0.999970 0.000010 0.000010 0.000010
0.000010 0.000010 0.999970 0.000010
0.000010 0.372503 0.000010 0.627477
0.999970 0.000010 0.000010 0.000010
0.000010 0.406797 0.000010 0.593183
0.142271 0.208502 0.618278 0.030949
0.009855 0.136531 0.000010 0.853605
0.999966 0.000010 0.000014 0.000010
0.999970 0.000010 0.000010 0.000010
0.136991 0.093049 0.580037 0.189923
0.000010 0.203313 0.000010 0.796667
0.000010 0.147175 0.000010 0.852805
0.099132 0.264830 0.593635 0.042403
0.999970 0.000010 0.000010 0.000010
0.999970 0.000010 0.000010 0.000010
0.999967 0.000010 0.000013 0.000010
0.999970 0.000010 0.000010 0.000010
0.999970 0.000010 0.000010 0.000010
0.000010 0.801131 0.033935 0.164925
0.037848 0.926340 0.035802 0.000010
0.000010 0.744802 0.000010 0.255178
0.999970 0.000010 0.000010 0.000010
0.019673 0.788809 0.000010 0.191508
0.979276 0.020704 0.000010 0.000010
0.999970 0.000010 0.000010 0.000010
0.000010 0.542226 0.457754 0.000010
0.989242 0.000010 0.000010 0.010738
0.999966 0.000014 0.000010 0.000010
0.000010 0.853925 0.000010 0.146055
0.999970 0.000010 0.000010 0.000010
0.000010 0.945037 0.000010 0.054943
0.501194 0.498786 0.000010 0.000010
0.999970 0.000010 0.000010 0.000010
0.000010 0.999970 0.000010 0.000010
0.000010 0.879115 0.000010 0.120865
0.986671 0.013309 0.000010 0.000010
0.000010 0.999970 0.000010 0.000010
0.999970 0.000010 0.000010 0.000010
0.000010 0.996701 0.000010 0.003279
0.999970 0.000010 0.000010 0.000010
0.000010 0.940374 0.000010 0.059606
0.000010 0.979834 0.000010 0.020146
0.000010 0.895068 0.000010 0.104912
0.000010 0.999970 0.000010 0.000010
0.000010 0.917928 0.000010 0.082052
0.000010 0.962858 0.000010 0.037122
0.000010 0.531636 0.000010 0.468344
0.000010 0.942775 0.000010 0.057205
0.000010 0.617070 0.000010 0.382910
0.000010 0.608782 0.000010 0.391198
0.000010 0.705233 0.000010 0.294747
0.000010 0.678984 0.000010 0.320996
0.000010 0.553798 0.000010 0.446182
0.097746 0.294835 0.607409 0.000010
0.995437 0.004543 0.000010 0.000010
0.153058 0.265554 0.561740 0.019648
0.000010 0.613722 0.000010 0.386258
0.999970 0.000010 0.000010 0.000010
0.999970 0.000010 0.000010 0.000010
0.000010 0.828275 0.000010 0.171705
0.000010 0.777381 0.000010 0.222599
0.999970 0.000010 0.000010 0.000010
0.000010 0.729354 0.000010 0.270626
0.999970 0.000010 0.000010 0.000010
0.000010 0.249157 0.000010 0.750823
0.000010 0.999970 0.000010 0.000010
0.000010 0.238213 0.000010 0.761767
0.000010 0.808908 0.000010 0.191072
0.999970 0.000010 0.000010 0.000010
0.000010 0.505602 0.494378 0.000010
0.011735 0.529693 0.458562 0.000010
0.000010 0.928068 0.000010 0.071912
0.999970 0.000010 0.000010 0.000010
0.000011 0.616213 0.000010 0.383766
0.999970 0.000010 0.000010 0.000010
0.999970 0.000010 0.000010 0.000010
0.000010 0.538438 0.461542 0.000010
0.000010 0.787119 0.000010 0.212861
0.000010 0.870896 0.000010 0.129084
0.000010 0.945880 0.000010 0.054100
0.000010 0.858917 0.000010 0.141063
0.007454 0.966702 0.025834 0.000010
0.000010 0.925153 0.000010 0.074827
0.000010 0.838762 0.000010 0.161218
0.000010 0.044108 0.523516 0.432366
0.000010 0.572811 0.000010 0.427169
0.000010 0.000010 0.000010 0.999970
0.000010 0.000010 0.000010 0.999970
0.007837 0.311400 0.000010 0.680753
0.000010 0.123781 0.000010 0.876199
0.000010 0.129458 0.000010 0.870522
0.000010 0.734572 0.000010 0.265408
0.092458 0.233524 0.610510 0.063508
0.000010 0.740681 0.144202 0.115107
0.000010 0.199082 0.000010 0.800898
0.989158 0.010822 0.000010 0.000010
0.000010 0.000010 0.000010 0.999970
0.000010 0.805611 0.000010 0.194369
0.000010 0.000010 0.000010 0.999970
0.000010 0.000010 0.999970 0.000010
0.000010 0.559963 0.000010 0.440017
0.131303 0.269048 0.599638 0.000010
0.024999 0.721035 0.000010 0.253955
0.000010 0.999970 0.000010 0.000010
0.000010 0.214776 0.000010 0.785204
0.000010 0.929409 0.000010 0.070571
0.000010 0.405982 0.000010 0.593998
0.000010 0.000010 0.000010 0.999970
0.000010 0.273892 0.000010 0.726088
0.000010 0.853484 0.000010 0.146496
0.016323 0.547787 0.000010 0.435880
0.000010 0.189813 0.000010 0.810167
0.000010 0.000010 0.000010 0.999970
0.000010 0.341992 0.000010 0.657988
0.000010 0.215160 0.000010 0.784820
0.000010 0.956861 0.000010 0.043119
0.000010 0.105013 0.000010 0.894967
0.000010 0.151751 0.000010 0.848229
0.000010 0.841806 0.000010 0.158174
0.000010 0.292044 0.000010 0.707936
0.000010 0.613162 0.000010 0.386818
0.000010 0.742896 0.000010 0.257084
0.000010 0.375721 0.000010 0.624259
0.000010 0.297883 0.000010 0.702097
0.000010 0.835244 0.000010 0.164736
0.000010 0.082646 0.000010 0.917334
0.000010 0.018619 0.000010 0.981361
0.000010 0.999970 0.000010 0.000010
0.000010 0.966407 0.000010 0.033573
