0.999970 0.000010 0.000010 0.000010
0.999970 0.000010 0.000010 0.000010
0.869140 0.130840 0.000010 0.000010
0.851860 0.148120 0.000010 0.000010
0.768477 0.231503 0.000010 0.000010
0.723999 0.275981 0.000010 0.000010
0.823881 0.176099 0.000010 0.000010
0.956308 0.043672 0.000010 0.000010
0.999970 0.000010 0.000010 0.000010
0.934337 0.065643 0.000010 0.000010
0.964783 0.035197 0.000010 0.000010
0.825540 0.165557 0.008893 0.000010
0.999970 0.000010 0.000010 0.000010
0.864319 0.129521 0.006150 0.000010
0.955582 0.044398 0.000010 0.000010
0.948444 0.051536 0.000010 0.000010
0.999970 0.000010 0.000010 0.000010
0.461667 0.531139 0.007185 0.000010
0.331294 0.668686 0.000010 0.000010
0.584788 0.415192 0.000010 0.000010
0.493438 0.506542 0.000010 0.000010
0.477629 0.522351 0.000010 0.000010
0.719007 0.280973 0.000010 0.000010
0.246056 0.229592 0.524342 0.000010
0.557556 0.442424 0.000010 0.000010
0.799590 0.200390 0.000010 0.000010
0.460669 0.539311 0.000010 0.000010
0.511267 0.488713 0.000010 0.000010
0.504247 0.495733 0.000010 0.000010
0.616146 0.383834 0.000010 0.000010
0.580520 0.419460 0.000010 0.000010
0.470881 0.000010 0.000010 0.529099
0.500833 0.000010 0.000010 0.499147
0.507177 0.000010 0.000010 0.492803
0.487829 0.000010 0.000010 0.512151
0.525395 0.000010 0.000010 0.474585
0.488090 0.000010 0.000010 0.511890
0.487948 0.000010 0.000010 0.512032
0.999970 0.000010 0.000010 0.000010
0.999970 0.000010 0.000010 0.000010
0.892468 0.107512 0.000010 0.000010
0.514432 0.000010 0.000010 0.485548
0.510456 0.000010 0.000010 0.489524
0.786757 0.213223 0.000010 0.000010
0.707647 0.292333 0.000010 0.000010
0.507054 0.000010 0.000010 0.492926
0.499138 0.000010 0.000010 0.500842
0.489909 0.000010 0.000010 0.510071
0.856008 0.143972 0.000010 0.000010
0.805103 0.194876 0.000011 0.000010
0.765180 0.234800 0.000010 0.000010
0.509755 0.000010 0.000010 0.490225
0.639844 0.354353 0.000010 0.005793
0.533119 0.000010 0.000010 0.466861
0.541648 0.000010 0.000010 0.458332
0.503134 0.000010 0.000010 0.496846
0.821326 0.178654 0.000010 0.000010
0.809254 0.190721 0.000016 0.000010
0.491275 0.000010 0.000010 0.508705
0.541758 0.000010 0.000010 0.458222
0.838945 0.161035 0.000010 0.000010
0.999970 0.000010 0.000010 0.000010
0.947907 0.052073 0.000010 0.000010
0.000010 0.000010 0.999970 0.000010
0.000010 0.000010 0.000010 0.999970
0.000015 0.000010 0.000010 0.999965
0.547680 0.000010 0.000010 0.452300
0.892702 0.107278 0.000010 0.000010
0.506762 0.000010 0.000010 0.493218
0.515729 0.000010 0.000010 0.484251
0.778793 0.221187 0.000010 0.000010
0.502237 0.000010 0.000010 0.497743
0.729066 0.262875 0.000010 0.008049
0.545922 0.000010 0.000010 0.454058
0.000010 0.000010 0.000010 0.999970
0.000010 0.000018 0.000010 0.999962
0.000010 0.000010 0.000010 0.999970
0.000010 0.000010 0.000010 0.999970
0.000011 0.000010 0.000010 0.999969
0.000010 0.000010 0.000010 0.999970
0.000010 0.000010 0.000010 0.999970
0.000010 0.000010 0.000010 0.999970
0.000010 0.000010 0.999970 0.000010
0.862376 0.137604 0.000010 0.000010
0.965067 0.034913 0.000010 0.000010
0.999970 0.000010 0.000010 0.000010
0.000010 0.000010 0.999970 0.000010
0.150669 0.103538 0.134215 0.611578
0.000010 0.000010 0.000010 0.999970
0.248927 0.000010 0.138762 0.612301
0.000010 0.169600 0.830380 0.000010
0.000010 0.000010 0.000010 0.999970
0.999970 0.000010 0.000010 0.000010
0.268398 0.000010 0.106426 0.625167
0.894306 0.105674 0.000010 0.000010
0.000010 0.000010 0.999970 0.000010
0.000010 0.000010 0.999970 0.000010
0.056877 0.943103 0.000010 0.000010
0.000010 0.999970 0.000010 0.000010
0.000010 0.999970 0.000010 0.000010
0.920349 0.079631 0.000010 0.000010
0.000010 0.999970 0.000010 0.000010
0.009531 0.990449 0.000010 0.000010
0.877954 0.122019 0.000017 0.000010
0.505030 0.494950 0.000010 0.000010
0.893335 0.106645 0.000010 0.000010
0.195933 0.804047 0.000010 0.000010
0.000010 0.000010 0.999970 0.000010
0.000010 0.992331 0.007649 0.000010
0.000010 0.999970 0.000010 0.000010
0.147688 0.852292 0.000010 0.000010
0.000010 0.000010 0.999970 0.000010
0.252307 0.000010 0.176689 0.570993
0.890895 0.090794 0.006959 0.011351
0.000010 0.000010 0.999970 0.000010
0.000010 0.000010 0.999970 0.000010
0.000010 0.999970 0.000010 0.000010
0.789757 0.155989 0.036955 0.017299
0.000010 0.000010 0.999970 0.000010
0.898220 0.101760 0.000010 0.000010
0.328511 0.000010 0.534595 0.136884
0.833802 0.157482 0.008706 0.000010
0.000010 0.000010 0.000010 0.999970
0.251455 0.000996 0.118444 0.629105
0.527791 0.000010 0.000010 0.472189
0.000010 0.000010 0.000010 0.999970
0.000010 0.000010 0.999970 0.000010
0.000010 0.000010 0.000010 0.999970
0.230374 0.119717 0.075947 0.573961
0.118251 0.881729 0.000010 0.000010
0.000010 0.000010 0.000010 0.999970
0.000010 0.000010 0.999970 0.000010
0.334182 0.000010 0.077944 0.587864
0.342115 0.657865 0.000010 0.000010
0.278591 0.036299 0.103080 0.582030
0.541487 0.458493 0.000010 0.000010
0.816282 0.000010 0.000010 0.183698
0.727928 0.272052 0.000010 0.000010
0.000010 0.000010 0.999970 0.000010
0.002610 0.009585 0.987795 0.000010
0.237105 0.501948 0.000010 0.260938
0.981413 0.018567 0.000010 0.000010
0.000010 0.000010 0.999970 0.000010
0.999970 0.000010 0.000010 0.000010
0.929114 0.070866 0.000010 0.000010
0.473487 0.526277 0.000010 0.000226
0.696920 0.303060 0.000010 0.000010
0.159852 0.130507 0.125149 0.584492
0.000010 0.000010 0.999970 0.000010
0.000010 0.000010 0.999970 0.000010
0.493039 0.000010 0.000010 0.506941
0.018470 0.000010 0.981510 0.000010
0.990463 0.000010 0.009517 0.000010
0.888280 0.111700 0.000010 0.000010
0.821589 0.178391 0.000010 0.000010
0.000010 0.000010 0.999970 0.000010
0.936449 0.063531 0.000010 0.000010
0.921272 0.078708 0.000010 0.000010
0.898553 0.101427 0.000010 0.000010
0.000010 0.000010 0.999970 0.000010
0.808425 0.181651 0.009914 0.000010
0.892133 0.107847 0.000010 0.000010
0.000010 0.000010 0.999970 0.000010
0.000010 0.038113 0.000010 0.961867
0.418860 0.016962 0.000010 0.564167
0.427852 0.572128 0.000010 0.000010
0.527709 0.438097 0.000010 0.034183
0.446036 0.049214 0.504740 0.000010
0.747544 0.000010 0.028416 0.224030
0.644355 0.000010 0.054878 0.300757
0.905938 0.089010 0.000010 0.005042
0.434267 0.563940 0.001783 0.000010
0.000010 0.999970 0.000010 0.000010
0.000010 0.508347 0.491633 0.000010
0.000010 0.496220 0.503760 0.000010
0.013395 0.435532 0.000010 0.551063
0.000010 0.999970 0.000010 0.000010
0.000010 0.457053 0.000010 0.542927
0.000010 0.999970 0.000010 0.000010
0.245748 0.754232 0.000010 0.000010
0.184402 0.084031 0.115592 0.615975
0.074148 0.925832 0.000010 0.000010
0.071667 0.145735 0.173991 0.608607
0.000010 0.000010 0.999970 0.000010
0.899881 0.100099 0.000010 0.000010
0.999970 0.000010 0.000010 0.000010
0.999970 0.000010 0.000010 0.000010
0.992867 0.000010 0.007113 0.000010
0.697914 0.300470 0.000010 0.001606
0.052400 0.947580 0.000010 0.000010
0.079686 0.916043 0.004262 0.000010
0.076035 0.923945 0.000010 0.000010
0.139827 0.860153 0.000010 0.000010
0.069896 0.930084 0.000010 0.000010
0.000010 0.999970 0.000010 0.000010
0.000010 0.999970 0.000010 0.000010
0.049063 0.950917 0.000010 0.000010
0.000010 0.999970 0.000010 0.000010
0.019932 0.064376 0.682429 0.233263
0.441196 0.082635 0.471381 0.004788
0.000010 0.000010 0.999970 0.000010
0.731591 0.264621 0.003778 0.000010
0.826187 0.173793 0.000010 0.000010
0.834144 0.165836 0.000010 0.000010
0.000010 0.000010 0.999970 0.000010
0.000010 0.000010 0.999970 0.000010
0.635946 0.098731 0.013879 0.251443
0.985187 0.000010 0.000010 0.014793
0.967591 0.016601 0.000010 0.015798
0.968481 0.021813 0.009696 0.000010
0.791715 0.000010 0.023900 0.184375
0.953970 0.046010 0.000010 0.000010
0.891056 0.078611 0.030323 0.000010
0.953453 0.009790 0.022236 0.014520
0.702693 0.268168 0.029129 0.000010
0.892082 0.101440 0.000010 0.006468
0.467626 0.029595 0.502769 0.000010
0.952328 0.041211 0.000010 0.006451
0.927160 0.072820 0.000010 0.000010
0.382927 0.000010 0.568270 0.048793
0.914376 0.082448 0.000010 0.003166
0.884738 0.115242 0.000010 0.000010
0.796028 0.203421 0.000540 0.000010
0.228967 0.771013 0.000010 0.000010
0.108243 0.891737 0.000010 0.000010
0.109454 0.890526 0.000010 0.000010
0.000010 0.000010 0.999970 0.000010
0.000010 0.000010 0.000010 0.999970
0.184824 0.815156 0.000010 0.000010
0.000016 0.000010 0.000010 0.999964
0.234065 0.765915 0.000010 0.000010
0.000010 0.000010 0.999970 0.000010
0.000010 0.000010 0.999970 0.000010
0.310432 0.000010 0.114695 0.574863
0.000010 0.000010 0.000010 0.999970
0.000010 0.000010 0.999970 0.000010
0.000010 0.000010 0.000010 0.999970
0.372521 0.627459 0.000010 0.000010
0.000010 0.000010 0.999970 0.000010
0.406797 0.593183 0.000010 0.000010
0.208504 0.030937 0.142270 0.618290
0.136539 0.853597 0.009854 0.000010
0.000010 0.000010 0.999970 0.000010
0.000010 0.000010 0.999970 0.000010
0.093069 0.189893 0.136988 0.580049
0.203336 0.796644 0.000010 0.000010
0.147199 0.852781 0.000010 0.000010
0.264840 0.042384 0.099131 0.593645
0.000010 0.000010 0.999970 0.000010
0.000010 0.000010 0.999970 0.000010
0.000010 0.000010 0.999970 0.000010
0.000010 0.000010 0.999970 0.000010
0.000010 0.000010 0.999970 0.000010
0.801153 0.164899 0.000010 0.033939
0.926334 0.000010 0.037849 0.035807
0.744825 0.255155 0.000010 0.000010
0.000010 0.000010 0.999970 0.000010
0.788850 0.191473 0.019668 0.000010
0.020706 0.000010 0.979274 0.000010
0.000010 0.000010 0.999970 0.000010
0.542207 0.000010 0.000010 0.457773
0.000010 0.010736 0.989244 0.000010
0.000010 0.000010 0.999970 0.000010
0.853951 0.146029 0.000010 0.000010
0.000010 0.000010 0.999970 0.000010
0.945058 0.054922 0.000010 0.000010
0.498787 0.000010 0.501193 0.000010
0.000010 0.000010 0.999970 0.000010
0.999968 0.000010 0.000012 0.000010
0.879163 0.120817 0.000010 0.000010
0.013309 0.000010 0.986671 0.000010
0.999970 0.000010 0.000010 0.000010
0.000010 0.000010 0.999970 0.000010
0.996746 0.003234 0.000010 0.000010
0.000010 0.000010 0.999970 0.000010
0.940405 0.059575 0.000010 0.000010
0.979868 0.020112 0.000010 0.000010
0.895120 0.104860 0.000010 0.000010
0.999970 0.000010 0.000010 0.000010
0.917963 0.082017 0.000010 0.000010
0.962888 0.037092 0.000010 0.000010
0.531682 0.468298 0.000010 0.000010
0.942819 0.057161 0.000010 0.000010
0.617109 0.382871 0.000010 0.000010
0.608816 0.391164 0.000010 0.000010
0.705274 0.294706 0.000010 0.000010
0.679016 0.320964 0.000010 0.000010
0.553827 0.446153 0.000010 0.000010
0.294828 0.000010 0.097744 0.607418
0.004536 0.000017 0.995437 0.000010
0.265576 0.019617 0.153056 0.561751
0.613744 0.386236 0.000010 0.000010
0.000010 0.000010 0.999970 0.000010
0.000010 0.000010 0.999970 0.000010
0.828306 0.171674 0.000010 0.000010
0.777405 0.222575 0.000010 0.000010
0.000010 0.000010 0.999970 0.000010
0.729376 0.270601 0.000013 0.000010
0.000010 0.000010 0.999970 0.000010
0.249164 0.750816 0.000010 0.000010
0.999970 0.000010 0.000010 0.000010
0.238243 0.761737 0.000010 0.000010
0.808940 0.191040 0.000010 0.000010
0.000010 0.000010 0.999970 0.000010
0.505583 0.000010 0.000010 0.494397
0.529672 0.000010 0.011738 0.458580
0.928093 0.071887 0.000010 0.000010
0.000010 0.000010 0.999970 0.000010
0.616236 0.383744 0.000010 0.000010
0.000010 0.000010 0.999970 0.000010
0.000010 0.000010 0.999970 0.000010
0.538426 0.000010 0.000010 0.461554
0.787157 0.212823 0.000010 0.000010
0.870926 0.129054 0.000010 0.000010
0.945901 0.054079 0.000010 0.000010
0.858954 0.141026 0.000010 0.000010
0.966704 0.000010 0.007454 0.025833
0.925168 0.074812 0.000010 0.000010
0.838769 0.161211 0.000010 0.000010
0.044162 0.432308 0.000010 0.523520
0.572828 0.427152 0.000010 0.000010
0.000010 0.999970 0.000010 0.000010
0.000010 0.999970 0.000010 0.000010
0.311412 0.680742 0.007837 0.000010
0.123803 0.876177 0.000010 0.000010
0.129471 0.870509 0.000010 0.000010
0.734588 0.265392 0.000010 0.000010
0.233531 0.063490 0.092457 0.610521
0.740666 0.115106 0.000010 0.144218
0.199066 0.800914 0.000010 0.000010
0.010822 0.000010 0.989158 0.000010
0.000010 0.999970 0.000010 0.000010
0.805634 0.194346 0.000010 0.000010
0.000010 0.999970 0.000010 0.000010
0.000010 0.000010 0.000010 0.999970
0.559974 0.440006 0.000010 0.000010
0.269043 0.000010 0.131301 0.599646
0.721066 0.253925 0.024999 0.000010
0.999970 0.000010 0.000010 0.000010
0.214809 0.785171 0.000010 0.000010
0.929434 0.070546 0.000010 0.000010
0.405998 0.593982 0.000010 0.000010
0.000010 0.999970 0.000010 0.000010
0.273912 0.726068 0.000010 0.000010
0.853498 0.146482 0.000010 0.000010
0.547804 0.435863 0.016323 0.000010
0.189834 0.810146 0.000010 0.000010
0.000010 0.999970 0.000010 0.000010
0.342007 0.657973 0.000010 0.000010
0.215173 0.784807 0.000010 0.000010
0.956875 0.043105 0.000010 0.000010
0.105025 0.894955 0.000010 0.000010
0.151753 0.848227 0.000010 0.000010
0.841817 0.158163 0.000010 0.000010
0.292066 0.707914 0.000010 0.000010
0.613173 0.386807 0.000010 0.000010
0.742918 0.257062 0.000010 0.000010
0.375744 0.624236 0.000010 0.000010
0.297900 0.702080 0.000010 0.000010
0.835263 0.164717 0.000010 0.000010
0.082646 0.917334 0.000010 0.000010
0.018644 0.981336 0.000010 0.000010
0.999970 0.000010 0.000010 0.000010
0.966445 0.033535 0.000010 0.000010
