0.007240 0.000010 0.000010 0.992730 0.000010
0.000010 0.000010 0.000010 0.999960 0.000010
0.000013 0.000010 0.000010 0.868060 0.131908
0.005258 0.000010 0.000010 0.843704 0.151018
0.000010 0.000010 0.000010 0.762572 0.237398
0.000010 0.000010 0.000010 0.723840 0.276130
0.000010 0.000010 0.000010 0.821307 0.178663
0.000010 0.000010 0.000010 0.955158 0.044812
0.000010 0.000010 0.000010 0.999960 0.000010
0.003576 0.000010 0.000010 0.912625 0.083779
0.000010 0.000010 0.000010 0.962547 0.037423
0.000010 0.007917 0.000010 0.822099 0.169965
0.000010 0.000011 0.000010 0.998452 0.001517
0.000010 0.006409 0.000010 0.865362 0.128209
0.010859 0.000010 0.000010 0.916196 0.072925
0.000016 0.000010 0.000010 0.934887 0.065077
0.000010 0.000010 0.000010 0.999960 0.000010
0.000014 0.007195 0.000010 0.449405 0.543377
0.000010 0.000012 0.000010 0.320005 0.679963
0.000010 0.000015 0.000010 0.583654 0.416311
0.000010 0.000010 0.000010 0.485025 0.514945
0.000015 0.000010 0.000010 0.478785 0.521180
0.000010 0.000010 0.000010 0.722013 0.277956
0.000010 0.522450 0.000010 0.249789 0.227741
0.000010 0.000010 0.000010 0.555048 0.444922
0.000010 0.000010 0.000010 0.804095 0.195875
0.000010 0.000010 0.000010 0.462199 0.537771
0.000010 0.000014 0.000010 0.502614 0.497352
0.000010 0.000010 0.000010 0.492289 0.507681
0.000010 0.000010 0.000010 0.613762 0.386208
0.000010 0.000010 0.001845 0.577855 0.420280
0.000010 0.000010 0.470078 0.529892 0.000010
0.000010 0.000010 0.443935 0.556035 0.000010
0.000010 0.000010 0.436555 0.563415 0.000010
0.000010 0.000010 0.451281 0.548689 0.000010
0.000010 0.000010 0.418829 0.581141 0.000010
0.014879 0.000010 0.439707 0.545394 0.000010
0.000010 0.000010 0.452218 0.547752 0.000010
0.000010 0.000010 0.000010 0.999960 0.000010
0.000010 0.000010 0.000010 0.999960 0.000010
0.000017 0.000010 0.000010 0.886938 0.113025
0.000010 0.000010 0.436616 0.563354 0.000010
0.000010 0.000010 0.434602 0.565368 0.000010
0.000010 0.000010 0.000010 0.783825 0.216145
0.000010 0.000010 0.000010 0.703328 0.296642
0.000010 0.000010 0.440944 0.559026 0.000010
0.000010 0.000010 0.447286 0.552684 0.000010
0.000010 0.000010 0.455495 0.544475 0.000010
0.000010 0.000010 0.000010 0.854959 0.145011
0.000010 0.001365 0.000010 0.798341 0.200274
0.000010 0.000010 0.000010 0.762393 0.237577
0.000015 0.000010 0.434467 0.565497 0.000010
0.006307 0.000010 0.005043 0.637668 0.350973
0.000010 0.000010 0.415493 0.584477 0.000010
0.000010 0.000010 0.406157 0.593813 0.000010
0.000010 0.000010 0.449940 0.550030 0.000010
0.000010 0.000010 0.000010 0.814703 0.185267
0.000010 0.000010 0.000010 0.799905 0.200065
0.000010 0.000010 0.456687 0.543283 0.000010
0.000010 0.000010 0.401085 0.598885 0.000010
0.000010 0.000010 0.000010 0.823319 0.176651
0.000010 0.000010 0.000010 0.999960 0.000010
0.000010 0.000018 0.000010 0.938535 0.061427
0.000010 0.999957 0.000013 0.000010 0.000010
0.000010 0.000010 0.999960 0.000010 0.000010
0.000010 0.000010 0.999960 0.000010 0.000010
0.000010 0.000010 0.402882 0.597088 0.000010
0.000010 0.000016 0.000010 0.881044 0.118920
0.000010 0.000015 0.439535 0.560430 0.000010
0.000014 0.000010 0.429507 0.570459 0.000010
0.000010 0.000011 0.000010 0.773230 0.226739
0.000010 0.000010 0.445838 0.554132 0.000010
0.014033 0.000010 0.000010 0.727157 0.258790
0.000010 0.000010 0.403551 0.596419 0.000010
0.000010 0.000019 0.999951 0.000010 0.000010
0.000010 0.000010 0.999960 0.000010 0.000010
0.000015 0.000015 0.999950 0.000010 0.000010
0.000013 0.000010 0.999957 0.000010 0.000010
0.000010 0.000010 0.999960 0.000010 0.000010
0.000010 0.000010 0.999960 0.000010 0.000010
0.000012 0.000010 0.999958 0.000010 0.000010
0.000016 0.000016 0.999948 0.000010 0.000010
0.000010 0.999960 0.000010 0.000010 0.000010
0.000010 0.000010 0.000010 0.854095 0.145875
0.000014 0.000010 0.000010 0.973655 0.026311
0.001199 0.000010 0.000010 0.998771 0.000010
0.000010 0.999957 0.000013 0.000010 0.000010
0.999960 0.000010 0.000010 0.000010 0.000010
0.000010 0.000010 0.999960 0.000010 0.000010
0.999960 0.000010 0.000010 0.000010 0.000010
0.000014 0.828006 0.000010 0.000010 0.171960
0.000010 0.000010 0.999960 0.000010 0.000010
0.000010 0.000010 0.000010 0.999960 0.000010
0.999958 0.000010 0.000012 0.000010 0.000010
0.000010 0.000010 0.000010 0.891890 0.108080
0.000010 0.999960 0.000010 0.000010 0.000010
0.000010 0.999954 0.000016 0.000010 0.000010
0.015438 0.000010 0.000010 0.049193 0.935349
0.000010 0.000010 0.000010 0.000010 0.999960
0.000010 0.000010 0.000010 0.000010 0.999960
0.000010 0.000010 0.000010 0.915197 0.084773
0.000010 0.000010 0.000010 0.000010 0.999960
0.000010 0.000010 0.000010 0.000448 0.999522
0.005110 0.000019 0.000010 0.866996 0.127865
0.000010 0.000010 0.000010 0.500235 0.499735
0.000010 0.000010 0.000010 0.886205 0.113765
0.000010 0.000016 0.000010 0.194171 0.805793
0.000010 0.999960 0.000010 0.000010 0.000010
0.000010 0.007595 0.000010 0.000010 0.992375
0.000010 0.000010 0.000010 0.000010 0.999960
0.000011 0.000010 0.000010 0.140623 0.859346
0.000010 0.999950 0.000020 0.000010 0.000010
0.999960 0.000010 0.000010 0.000010 0.000010
0.014763 0.008321 0.000010 0.881758 0.095148
0.000010 0.999960 0.000010 0.000010 0.000010
0.000010 0.999955 0.000015 0.000010 0.000010
0.000010 0.000010 0.000010 0.000010 0.999960
0.000010 0.038715 0.012955 0.792573 0.155748
0.000010 0.999960 0.000010 0.000010 0.000010
0.000010 0.000013 0.000010 0.887387 0.112580
0.000010 0.539302 0.121028 0.339650 0.000010
0.025135 0.000010 0.000010 0.811995 0.162850
0.000010 0.000011 0.999959 0.000010 0.000010
0.999960 0.000010 0.000010 0.000010 0.000010
0.000010 0.000010 0.415949 0.584021 0.000010
0.000010 0.000010 0.999960 0.000010 0.000010
0.000010 0.999950 0.000020 0.000010 0.000010
0.000019 0.000010 0.999951 0.000010 0.000010
0.999960 0.000010 0.000010 0.000010 0.000010
0.000014 0.000010 0.000010 0.101087 0.898879
0.000020 0.000010 0.999950 0.000010 0.000010
0.000010 0.999960 0.000010 0.000010 0.000010
0.999960 0.000010 0.000010 0.000010 0.000010
0.000010 0.000010 0.000010 0.336197 0.663773
0.999960 0.000010 0.000010 0.000010 0.000010
0.000011 0.000010 0.000010 0.539287 0.460682
0.000010 0.000010 0.162514 0.837456 0.000010
0.000010 0.000010 0.000010 0.721902 0.278068
0.000012 0.999950 0.000019 0.000010 0.000010
0.000010 0.987960 0.000010 0.000010 0.012010
0.000010 0.000010 0.243650 0.262431 0.493900
0.000010 0.000013 0.000010 0.991156 0.008811
0.000010 0.999950 0.000015 0.000015 0.000010
0.009913 0.000010 0.000010 0.990057 0.000010
0.000010 0.000010 0.000010 0.927329 0.072641
0.005866 0.000015 0.000010 0.454468 0.539641
0.000010 0.000010 0.000010 0.689462 0.310508
0.999960 0.000010 0.000010 0.000010 0.000010
0.000010 0.999960 0.000010 0.000010 0.000010
0.000019 0.999951 0.000010 0.000010 0.000010
0.000010 0.000010 0.445096 0.554874 0.000010
0.000010 0.981232 0.000012 0.018736 0.000010
0.000010 0.009539 0.000010 0.990431 0.000010
0.000010 0.000010 0.000010 0.888675 0.111295
0.006171 0.000010 0.000010 0.808265 0.185544
0.000010 0.999960 0.000010 0.000010 0.000010
0.000010 0.000010 0.000010 0.931610 0.068360
0.000010 0.000010 0.000010 0.917610 0.082360
0.000010 0.000012 0.000010 0.892372 0.107596
0.000010 0.999960 0.000010 0.000010 0.000010
0.000431 0.009765 0.000010 0.797218 0.192576
0.000010 0.000010 0.000010 0.887214 0.112756
0.000010 0.999959 0.000011 0.000010 0.000010
0.000010 0.000010 0.945507 0.000010 0.054463
0.000010 0.000010 0.537612 0.444636 0.017732
0.000010 0.000010 0.000010 0.425763 0.574207
0.000010 0.000010 0.029369 0.533438 0.437173
0.000012 0.503164 0.000010 0.445706 0.051108
0.384693 0.000010 0.000010 0.615277 0.000010
0.483439 0.000010 0.003252 0.513289 0.000010
0.000011 0.000010 0.006747 0.905549 0.087683
0.000010 0.000905 0.003587 0.429523 0.565976
0.000010 0.000010 0.000010 0.000010 0.999960
0.000010 0.490091 0.000010 0.000010 0.509879
0.000010 0.502146 0.000010 0.000010 0.497824
0.000010 0.000010 0.521544 0.002878 0.475557
0.000010 0.000010 0.000010 0.000010 0.999960
0.000012 0.000014 0.513047 0.000010 0.486918
0.000010 0.000010 0.000010 0.000010 0.999960
0.000010 0.000010 0.000010 0.231628 0.768342
0.999952 0.000018 0.000010 0.000010 0.000010
0.000010 0.000010 0.000010 0.072385 0.927585
0.999960 0.000010 0.000010 0.000010 0.000010
0.000010 0.999960 0.000010 0.000010 0.000010
0.000201 0.000010 0.000010 0.905032 0.094746
0.000010 0.000010 0.000010 0.999960 0.000010
0.000010 0.000010 0.000010 0.999960 0.000010
0.003966 0.005433 0.000010 0.990581 0.000010
0.000010 0.000010 0.005458 0.690826 0.303697
0.000010 0.000010 0.000010 0.045826 0.954144
0.000010 0.007527 0.000010 0.073948 0.918505
0.000010 0.000010 0.000010 0.073937 0.926033
0.000010 0.000010 0.000010 0.133181 0.866789
0.000010 0.000010 0.000010 0.065095 0.934875
0.000010 0.000010 0.000010 0.000010 0.999960
0.000010 0.000010 0.000019 0.000010 0.999951
0.000010 0.000014 0.000010 0.046054 0.953913
0.000010 0.000010 0.000010 0.001739 0.998231
0.414489 0.585481 0.000010 0.000010 0.000010
0.014699 0.466499 0.000010 0.432763 0.086030
0.000010 0.999960 0.000010 0.000010 0.000010
0.021200 0.000018 0.000010 0.714347 0.264424
0.000010 0.000010 0.000010 0.819040 0.180930
0.000010 0.000010 0.000010 0.826865 0.173105
0.000010 0.999955 0.000015 0.000010 0.000010
0.000010 0.999956 0.000014 0.000010 0.000010
0.010014 0.021330 0.213517 0.653775 0.101365
0.000010 0.000010 0.013079 0.984842 0.002059
0.040975 0.000010 0.000010 0.943651 0.015354
0.000010 0.009655 0.000010 0.964176 0.026149
0.000010 0.029773 0.158677 0.811530 0.000010
0.000010 0.000010 0.000010 0.948590 0.051380
0.000010 0.029448 0.000010 0.889345 0.081187
0.000010 0.022130 0.008017 0.968865 0.000978
0.000010 0.029075 0.000010 0.702834 0.268070
0.000010 0.000010 0.006088 0.895883 0.098009
0.000010 0.501202 0.000010 0.464434 0.034344
0.000010 0.000010 0.006519 0.948356 0.045105
0.000010 0.000010 0.000010 0.928181 0.071789
0.000010 0.568404 0.045504 0.386072 0.000010
0.000010 0.000010 0.000010 0.910887 0.089083
0.000011 0.000010 0.000010 0.887296 0.112673
0.000010 0.000010 0.000010 0.789412 0.210558
0.000010 0.000010 0.000010 0.225660 0.774310
0.000010 0.000010 0.000010 0.094466 0.905504
0.000010 0.000010 0.000010 0.108567 0.891403
0.000010 0.999953 0.000017 0.000010 0.000010
0.000014 0.000010 0.999956 0.000010 0.000010
0.000010 0.000010 0.000010 0.179227 0.820743
0.000010 0.000010 0.999955 0.000015 0.000010
0.000010 0.000010 0.000010 0.230189 0.769781
0.000011 0.999953 0.000013 0.000012 0.000010
0.000010 0.999960 0.000010 0.000010 0.000010
0.999960 0.000010 0.000010 0.000010 0.000010
0.000010 0.000010 0.999960 0.000010 0.000010
0.000010 0.999950 0.000013 0.000017 0.000010
0.000019 0.000010 0.999951 0.000010 0.000010
0.000010 0.000010 0.000010 0.364702 0.635268
0.000016 0.999949 0.000014 0.000011 0.000010
0.000010 0.000010 0.000010 0.394345 0.605625
0.999960 0.000010 0.000010 0.000010 0.000010
0.029195 0.000010 0.000010 0.132687 0.838098
0.000010 0.999960 0.000010 0.000010 0.000010
0.000016 0.999954 0.000010 0.000010 0.000010
0.999960 0.000010 0.000010 0.000010 0.000010
0.000010 0.000010 0.000010 0.192531 0.807439
0.000010 0.000010 0.000010 0.138927 0.861043
0.999960 0.000010 0.000010 0.000010 0.000010
0.000012 0.999958 0.000010 0.000010 0.000010
0.000010 0.999960 0.000010 0.000010 0.000010
0.000010 0.999960 0.000010 0.000010 0.000010
0.000010 0.999958 0.000012 0.000010 0.000010
0.000010 0.999960 0.000010 0.000010 0.000010
0.000010 0.000010 0.030347 0.806684 0.162949
0.000010 0.039206 0.032027 0.928747 0.000010
0.000010 0.000010 0.002850 0.738771 0.258359
0.000010 0.999960 0.000010 0.000010 0.000010
0.000010 0.019121 0.000010 0.786585 0.194274
0.000010 0.979299 0.000014 0.020667 0.000010
0.000010 0.999955 0.000015 0.000010 0.000010
0.000010 0.000010 0.405203 0.594767 0.000010
0.000010 0.983642 0.000012 0.000010 0.016326
0.000010 0.999951 0.000019 0.000010 0.000010
0.000010 0.000010 0.000010 0.845180 0.154790
0.000010 0.999951 0.000019 0.000010 0.000010
0.000010 0.000010 0.000010 0.941269 0.058701
0.000010 0.499234 0.000010 0.500736 0.000010
0.000010 0.999954 0.000016 0.000010 0.000010
0.011415 0.000010 0.000010 0.988555 0.000010
0.000010 0.000010 0.000010 0.871828 0.128142
0.000010 0.986575 0.000010 0.013395 0.000010
0.000010 0.000010 0.000010 0.999960 0.000010
0.000015 0.999949 0.000016 0.000010 0.000010
0.000010 0.000010 0.000010 0.988625 0.011345
0.000010 0.999955 0.000011 0.000014 0.000010
0.000010 0.000010 0.000010 0.935405 0.064565
0.000010 0.000010 0.000010 0.976936 0.023034
0.000010 0.000010 0.000010 0.889331 0.110638
0.000010 0.000010 0.000010 0.999960 0.000010
0.000010 0.000010 0.000010 0.909972 0.089998
0.000010 0.000010 0.000010 0.953452 0.046518
0.000010 0.000010 0.000010 0.528386 0.471584
0.000010 0.000010 0.000010 0.944947 0.055023
0.000013 0.000010 0.000010 0.614306 0.385661
0.006001 0.000011 0.000010 0.591868 0.402110
0.000016 0.000010 0.000010 0.702025 0.297939
0.000010 0.000010 0.000010 0.672917 0.327053
0.000010 0.000010 0.000010 0.553094 0.446876
0.999960 0.000010 0.000010 0.000010 0.000010
0.000010 0.990377 0.000010 0.009593 0.000010
0.999960 0.000010 0.000010 0.000010 0.000010
0.000010 0.000010 0.000010 0.607158 0.392812
0.000010 0.999958 0.000011 0.000011 0.000010
0.000010 0.999960 0.000010 0.000010 0.000010
0.000010 0.000010 0.000010 0.821354 0.178616
0.000010 0.000010 0.000010 0.769077 0.230893
0.000010 0.999948 0.000015 0.000016 0.000010
0.005599 0.000010 0.000010 0.721369 0.273012
0.000010 0.999960 0.000010 0.000010 0.000010
0.000010 0.000010 0.000010 0.243811 0.756159
0.000010 0.000010 0.000010 0.999960 0.000010
0.000012 0.000010 0.000010 0.221951 0.778017
0.000010 0.000010 0.000010 0.806866 0.193104
0.000010 0.999960 0.000010 0.000010 0.000010
0.000010 0.000010 0.434548 0.565422 0.000010
0.000010 0.003870 0.414031 0.582079 0.000010
0.000010 0.000010 0.000010 0.941489 0.058481
0.000010 0.999960 0.000010 0.000010 0.000010
0.000010 0.000011 0.000010 0.616231 0.383738
0.000014 0.999953 0.000013 0.000010 0.000010
0.000012 0.999949 0.000019 0.000010 0.000010
0.000010 0.000010 0.404908 0.595062 0.000010
0.000010 0.000011 0.000010 0.777997 0.221972
0.003880 0.000010 0.000010 0.864181 0.131919
0.000010 0.000011 0.000010 0.939106 0.060862
0.006011 0.000010 0.000010 0.838837 0.155132
0.045238 0.005770 0.003415 0.945567 0.000010
0.000010 0.000010 0.000010 0.919320 0.080650
0.000010 0.000010 0.000010 0.831357 0.168613
0.000010 0.000010 0.495150 0.057966 0.446863
0.005231 0.000010 0.000010 0.563229 0.431520
0.000010 0.000010 0.000010 0.000010 0.999960
0.000016 0.000010 0.000010 0.000010 0.999954
0.000010 0.008052 0.000010 0.303180 0.688747
0.000010 0.000010 0.000010 0.111620 0.888350
0.000010 0.000010 0.000010 0.136701 0.863269
0.000010 0.000010 0.000010 0.731091 0.268879
0.999960 0.000010 0.000010 0.000010 0.000010
0.000010 0.000010 0.130022 0.755463 0.114495
0.000010 0.000013 0.000010 0.189428 0.810539
0.000015 0.989356 0.000012 0.010608 0.000010
0.000010 0.000010 0.000010 0.000010 0.999960
0.000010 0.000010 0.000010 0.795040 0.204930
0.000010 0.000013 0.000010 0.000010 0.999957
0.000010 0.000017 0.999953 0.000010 0.000010
0.019635 0.000010 0.000010 0.564494 0.415851
0.999954 0.000010 0.000013 0.000013 0.000010
0.000010 0.024724 0.000010 0.706806 0.268450
0.000010 0.000010 0.000010 0.999960 0.000010
0.000010 0.000012 0.000010 0.206694 0.793274
0.000010 0.000010 0.000010 0.925421 0.074549
0.000010 0.000010 0.000010 0.397586 0.602384
0.000010 0.000010 0.000010 0.000010 0.999960
0.000010 0.000011 0.000010 0.266436 0.733533
0.000015 0.000019 0.000010 0.847834 0.152122
0.003939 0.013474 0.000010 0.539306 0.443271
0.000010 0.000010 0.000010 0.173718 0.826252
0.000010 0.000010 0.000013 0.000010 0.999957
0.000020 0.000010 0.000010 0.330827 0.669134
0.000010 0.000011 0.000010 0.212874 0.787095
0.000010 0.000010 0.000010 0.954734 0.045236
0.000010 0.000010 0.000010 0.094480 0.905490
0.000010 0.000010 0.000010 0.152820 0.847150
0.000010 0.000010 0.000010 0.839597 0.160373
0.000010 0.000010 0.000010 0.289703 0.710267
0.000010 0.000010 0.000010 0.611919 0.388051
0.000019 0.000010 0.000010 0.738003 0.261959
0.000010 0.000010 0.000010 0.373323 0.626647
0.000010 0.000010 0.000010 0.299770 0.700200
0.000010 0.000010 0.000010 0.828199 0.171771
0.000010 0.000010 0.000010 0.077058 0.922912
0.000010 0.000010 0.000010 0.005036 0.994934
0.000010 0.000010 0.000010 0.999960 0.000010
0.000010 0.000010 0.000010 0.967899 0.032071
