0.007243 0.000010 0.000010 0.992727 0.000010
0.000014 0.000010 0.000010 0.999956 0.000010
0.000011 0.000011 0.000010 0.868074 0.131894
0.005258 0.000010 0.000010 0.843712 0.151010
0.000010 0.000010 0.000010 0.762580 0.237390
0.000010 0.000010 0.000010 0.723851 0.276119
0.000010 0.000013 0.000010 0.821310 0.178657
0.000010 0.000010 0.000010 0.955167 0.044803
0.000010 0.000010 0.000010 0.999960 0.000010
0.003576 0.000010 0.000010 0.912636 0.083768
0.000010 0.000010 0.000010 0.962550 0.037420
0.000010 0.007920 0.000010 0.822101 0.169959
0.000010 0.000010 0.000010 0.998462 0.001508
0.000010 0.006406 0.000010 0.865367 0.128207
0.010860 0.000015 0.000010 0.916191 0.072924
0.000010 0.000010 0.000010 0.934911 0.065059
0.000017 0.000010 0.000010 0.999953 0.000010
0.000013 0.007195 0.000010 0.449421 0.543362
0.000010 0.000010 0.000010 0.320018 0.679952
0.000010 0.000012 0.000010 0.583665 0.416304
0.000010 0.000012 0.000010 0.485032 0.514936
0.000010 0.000010 0.000010 0.478799 0.521171
0.000010 0.000010 0.000010 0.722026 0.277944
0.000010 0.522453 0.000010 0.249795 0.227733
0.000010 0.000010 0.000010 0.555075 0.444895
0.000010 0.000010 0.000010 0.804117 0.195853
0.000010 0.000010 0.000010 0.462208 0.537762
0.000010 0.000010 0.000010 0.502626 0.497344
0.000010 0.000010 0.000010 0.492302 0.507668
0.000010 0.000010 0.000010 0.613774 0.386196
0.000010 0.000010 0.001845 0.577863 0.420272
0.000010 0.000010 0.470081 0.529889 0.000010
0.000010 0.000010 0.443938 0.556032 0.000010
0.000010 0.000010 0.436558 0.563412 0.000010
0.000010 0.000010 0.451284 0.548686 0.000010
0.000010 0.000010 0.418832 0.581138 0.000010
0.014880 0.000010 0.439710 0.545390 0.000010
0.000010 0.000010 0.452222 0.547748 0.000010
0.000014 0.000010 0.000010 0.999956 0.000010
0.000010 0.000010 0.000010 0.999960 0.000010
0.000010 0.000010 0.000010 0.886953 0.113017
0.000010 0.000010 0.436620 0.563350 0.000010
0.000010 0.000010 0.434605 0.565365 0.000010
0.000010 0.000010 0.000010 0.783836 0.216134
0.000010 0.000010 0.000010 0.703337 0.296633
0.000010 0.000010 0.440947 0.559023 0.000010
0.000010 0.000010 0.447289 0.552681 0.000010
0.000010 0.000010 0.455498 0.544472 0.000010
0.000010 0.000010 0.000010 0.854976 0.144994
0.000014 0.001362 0.000010 0.798348 0.200266
0.000010 0.000010 0.000010 0.762404 0.237566
0.000010 0.000010 0.434473 0.565497 0.000010
0.006309 0.000010 0.005043 0.637671 0.350968
0.000018 0.000011 0.415492 0.584470 0.000010
0.000010 0.000010 0.406159 0.593811 0.000010
0.000010 0.000010 0.449943 0.550027 0.000010
0.000010 0.000010 0.000010 0.814712 0.185258
0.000010 0.000010 0.000010 0.799916 0.200054
0.000010 0.000010 0.456693 0.543277 0.000010
0.000014 0.000010 0.401088 0.598878 0.000010
0.000012 0.000010 0.000010 0.823321 0.176647
0.000010 0.000012 0.000010 0.999958 0.000010
0.000010 0.000010 0.000010 0.938549 0.061421
0.000010 0.999960 0.000010 0.000010 0.000010
0.000010 0.000010 0.999960 0.000010 0.000010
0.000010 0.000010 0.999960 0.000010 0.000010
0.000010 0.000010 0.402885 0.597085 0.000010
0.000010 0.000011 0.000010 0.881014 0.118956
0.000010 0.000010 0.439539 0.560431 0.000010
0.000010 0.000010 0.429512 0.570458 0.000010
0.000010 0.000010 0.000010 0.773238 0.226732
0.000010 0.000010 0.445841 0.554129 0.000010
0.014032 0.000010 0.000010 0.727163 0.258785
0.000010 0.000010 0.403554 0.596416 0.000010
0.000010 0.000010 0.999960 0.000010 0.000010
0.000020 0.000010 0.999950 0.000010 0.000010
0.000010 0.000010 0.999960 0.000010 0.000010
0.000010 0.000010 0.999960 0.000010 0.000010
0.000010 0.000010 0.999960 0.000010 0.000010
0.000010 0.000010 0.999960 0.000010 0.000010
0.000011 0.000010 0.999959 0.000010 0.000010
0.000010 0.000010 0.999960 0.000010 0.000010
0.000010 0.999960 0.000010 0.000010 0.000010
0.000010 0.000010 0.000010 0.854087 0.145883
0.000010 0.000010 0.000010 0.973677 0.026293
0.001197 0.000010 0.000010 0.998773 0.000010
0.000010 0.999960 0.000010 0.000010 0.000010
0.999960 0.000010 0.000010 0.000010 0.000010
0.000010 0.000010 0.999960 0.000010 0.000010
0.999960 0.000010 0.000010 0.000010 0.000010
0.000010 0.828008 0.000010 0.000010 0.171962
0.000010 0.000010 0.999960 0.000010 0.000010
0.000010 0.000010 0.000010 0.999960 0.000010
0.999960 0.000010 0.000010 0.000010 0.000010
0.000010 0.000010 0.000010 0.891898 0.108072
0.000010 0.999960 0.000010 0.000010 0.000010
0.000010 0.999960 0.000010 0.000010 0.000010
0.015438 0.000010 0.000010 0.049198 0.935344
0.000010 0.000010 0.000010 0.000010 0.999960
0.000010 0.000010 0.000010 0.000010 0.999960
0.000012 0.000010 0.000010 0.915202 0.084766
0.000010 0.000010 0.000010 0.000010 0.999960
0.000010 0.000010 0.000010 0.000462 0.999508
0.005113 0.000017 0.000010 0.867005 0.127856
0.000010 0.000010 0.000010 0.500224 0.499746
0.000013 0.000010 0.000010 0.886209 0.113758
0.000010 0.000010 0.000010 0.194181 0.805789
0.000012 0.999958 0.000010 0.000010 0.000010
0.000010 0.007595 0.000010 0.000010 0.992375
0.000010 0.000010 0.000010 0.000010 0.999960
0.000010 0.000010 0.000010 0.140633 0.859337
0.000010 0.999960 0.000010 0.000010 0.000010
0.999952 0.000010 0.000010 0.000018 0.000010
0.014764 0.008324 0.000010 0.881762 0.095140
0.000013 0.999956 0.000012 0.000010 0.000010
0.000010 0.999960 0.000010 0.000010 0.000010
0.000010 0.000010 0.000010 0.000010 0.999960
0.000010 0.038715 0.012955 0.792577 0.155743
0.000010 0.999960 0.000010 0.000010 0.000010
0.000010 0.000010 0.000010 0.887391 0.112579
0.000010 0.539303 0.121030 0.339647 0.000010
0.025136 0.000010 0.000010 0.812004 0.162840
0.000010 0.000010 0.999960 0.000010 0.000010
0.999960 0.000010 0.000010 0.000010 0.000010
0.000010 0.000010 0.415953 0.584017 0.000010
0.000012 0.000010 0.999958 0.000010 0.000010
0.000010 0.999960 0.000010 0.000010 0.000010
0.000010 0.000010 0.999960 0.000010 0.000010
0.999956 0.000011 0.000013 0.000010 0.000010
0.000010 0.000010 0.000010 0.101104 0.898866
0.000010 0.000010 0.999960 0.000010 0.000010
0.000010 0.999960 0.000010 0.000010 0.000010
0.999960 0.000010 0.000010 0.000010 0.000010
0.000010 0.000010 0.000010 0.336201 0.663769
0.999960 0.000010 0.000010 0.000010 0.000010
0.000010 0.000010 0.000010 0.539296 0.460674
0.000010 0.000010 0.162516 0.837454 0.000010
0.000010 0.000010 0.000010 0.721911 0.278059
0.000010 0.999960 0.000010 0.000010 0.000010
0.000010 0.987959 0.000010 0.000010 0.012011
0.000010 0.000010 0.243650 0.262430 0.493900
0.000010 0.000010 0.000010 0.991167 0.008803
0.000010 0.999960 0.000010 0.000010 0.000010
0.009911 0.000017 0.000010 0.990051 0.000010
0.000010 0.000012 0.000010 0.927333 0.072635
0.005866 0.000010 0.000010 0.454484 0.539630
0.000010 0.000010 0.000010 0.689471 0.310499
0.999960 0.000010 0.000010 0.000010 0.000010
0.000010 0.999960 0.000010 0.000010 0.000010
0.000010 0.999960 0.000010 0.000010 0.000010
0.000010 0.000010 0.445100 0.554870 0.000010
0.000010 0.981233 0.000010 0.018737 0.000010
0.000010 0.009542 0.000010 0.990428 0.000010
0.000010 0.000010 0.000010 0.888682 0.111288
0.006170 0.000010 0.000010 0.808271 0.185539
0.000010 0.999960 0.000010 0.000010 0.000010
0.000010 0.000010 0.000010 0.931609 0.068361
0.000010 0.000010 0.000010 0.917593 0.082377
0.000010 0.000010 0.000010 0.892380 0.107590
0.000010 0.999960 0.000010 0.000010 0.000010
0.000425 0.009774 0.000010 0.797218 0.192572
0.000010 0.000010 0.000010 0.887223 0.112747
0.000010 0.999960 0.000010 0.000010 0.000010
0.000010 0.000010 0.945508 0.000010 0.054462
0.000010 0.000010 0.537612 0.444639 0.017729
0.000010 0.000010 0.000010 0.425768 0.574202
0.000010 0.000010 0.029373 0.533435 0.437172
0.000010 0.503169 0.000010 0.445703 0.051109
0.384695 0.000010 0.000010 0.615275 0.000010
0.483439 0.000010 0.003254 0.513287 0.000010
0.000010 0.000010 0.006747 0.905556 0.087678
0.000010 0.000897 0.003593 0.429534 0.565967
0.000010 0.000010 0.000010 0.000010 0.999960
0.000010 0.490091 0.000010 0.000010 0.509879
0.000010 0.502147 0.000010 0.000010 0.497823
0.000010 0.000010 0.521545 0.002882 0.475553
0.000010 0.000010 0.000010 0.000010 0.999960
0.000010 0.000010 0.513049 0.000010 0.486921
0.000010 0.000010 0.000010 0.000010 0.999960
0.000010 0.000010 0.000010 0.231644 0.768326
0.999960 0.000010 0.000010 0.000010 0.000010
0.000016 0.000010 0.000010 0.072394 0.927569
0.999960 0.000010 0.000010 0.000010 0.000010
0.000010 0.999960 0.000010 0.000010 0.000010
0.000202 0.000010 0.000010 0.905028 0.094750
0.000010 0.000010 0.000010 0.999960 0.000010
0.000010 0.000010 0.000010 0.999960 0.000010
0.003966 0.005431 0.000010 0.990583 0.000010
0.000010 0.000010 0.005458 0.690837 0.303685
0.000013 0.000010 0.000010 0.045842 0.954125
0.000010 0.007503 0.000010 0.073955 0.918522
0.000010 0.000010 0.000010 0.073947 0.926023
0.000017 0.000011 0.000010 0.133185 0.866777
0.000010 0.000010 0.000010 0.065103 0.934867
0.000010 0.000010 0.000010 0.000010 0.999960
0.000010 0.000010 0.000010 0.000010 0.999960
0.000013 0.000010 0.000010 0.046076 0.953891
0.000010 0.000010 0.000010 0.001752 0.998218
0.414487 0.585483 0.000010 0.000010 0.000010
0.014698 0.466499 0.000010 0.432753 0.086041
0.000010 0.999960 0.000010 0.000010 0.000010
0.021203 0.000010 0.000010 0.714364 0.264413
0.000010 0.000010 0.000010 0.819044 0.180926
0.000010 0.000010 0.000010 0.826875 0.173095
0.000010 0.999960 0.000010 0.000010 0.000010
0.000019 0.999951 0.000010 0.000010 0.000010
0.010012 0.021331 0.213524 0.653758 0.101375
0.000010 0.000010 0.013079 0.984848 0.002052
0.040975 0.000010 0.000010 0.943657 0.015348
0.000010 0.009657 0.000010 0.964175 0.026148
0.000010 0.029773 0.158679 0.811527 0.000010
0.000010 0.000010 0.000010 0.948592 0.051378
0.000010 0.029434 0.000010 0.889366 0.081180
0.000010 0.022132 0.008019 0.968856 0.000983
0.000010 0.029076 0.000010 0.702841 0.268063
0.000010 0.000010 0.006086 0.895890 0.098004
0.000010 0.501204 0.000010 0.464429 0.034347
0.000010 0.000010 0.006520 0.948356 0.045104
0.000010 0.000010 0.000010 0.928180 0.071790
0.000010 0.568402 0.045510 0.386068 0.000010
0.000010 0.000010 0.000010 0.910895 0.089075
0.000010 0.000010 0.000010 0.887306 0.112664
0.000010 0.000302 0.000010 0.788940 0.210739
0.000010 0.000010 0.000010 0.225671 0.774299
0.000010 0.000010 0.000010 0.094477 0.905493
0.000010 0.000012 0.000010 0.108579 0.891389
0.000012 0.999958 0.000010 0.000010 0.000010
0.000010 0.000010 0.999960 0.000010 0.000010
0.000010 0.000010 0.000010 0.179241 0.820729
0.000010 0.000010 0.999960 0.000010 0.000010
0.000010 0.000018 0.000010 0.230201 0.769761
0.000010 0.999960 0.000010 0.000010 0.000010
0.000010 0.999960 0.000010 0.000010 0.000010
0.999960 0.000010 0.000010 0.000010 0.000010
0.000010 0.000010 0.999960 0.000010 0.000010
0.000012 0.999955 0.000010 0.000013 0.000010
0.000010 0.000010 0.999960 0.000010 0.000010
0.000010 0.000011 0.000010 0.364712 0.635257
0.000010 0.999960 0.000010 0.000010 0.000010
0.000010 0.000010 0.000010 0.394356 0.605614
0.999960 0.000010 0.000010 0.000010 0.000010
0.029194 0.000010 0.000010 0.132706 0.838080
0.000010 0.999960 0.000010 0.000010 0.000010
0.000010 0.999960 0.000010 0.000010 0.000010
0.999960 0.000010 0.000010 0.000010 0.000010
0.000010 0.000010 0.000010 0.192546 0.807424
0.000010 0.000010 0.000010 0.138943 0.861027
0.999954 0.000015 0.000011 0.000010 0.000010
0.000012 0.999958 0.000010 0.000010 0.000010
0.000013 0.999955 0.000010 0.000011 0.000010
0.000010 0.999960 0.000010 0.000010 0.000010
0.000010 0.999960 0.000010 0.000010 0.000010
0.000010 0.999958 0.000012 0.000010 0.000010
0.000010 0.000010 0.030348 0.806692 0.162940
0.000010 0.039214 0.032027 0.928739 0.000010
0.000010 0.000010 0.002853 0.738780 0.258348
0.000010 0.999960 0.000010 0.000010 0.000010
0.000010 0.019134 0.000010 0.786574 0.194272
0.000010 0.979302 0.000010 0.020668 0.000010
0.000015 0.999955 0.000010 0.000010 0.000010
0.000010 0.000010 0.405206 0.594764 0.000010
0.000010 0.983642 0.000010 0.000010 0.016328
0.000010 0.999960 0.000010 0.000010 0.000010
0.000011 0.000011 0.000010 0.845184 0.154784
0.000010 0.999960 0.000010 0.000010 0.000010
0.000010 0.000010 0.000010 0.941273 0.058697
0.000010 0.499237 0.000010 0.500733 0.000010
0.000010 0.999960 0.000010 0.000010 0.000010
0.011416 0.000010 0.000010 0.988554 0.000010
0.000012 0.000010 0.000010 0.871824 0.128143
0.000010 0.986573 0.000010 0.013397 0.000010
0.000010 0.000010 0.000010 0.999960 0.000010
0.000010 0.999960 0.000010 0.000010 0.000010
0.000010 0.000010 0.000010 0.988640 0.011330
0.000010 0.999960 0.000010 0.000010 0.000010
0.000010 0.000010 0.000010 0.935408 0.064562
0.000012 0.000010 0.000010 0.976941 0.023027
0.000010 0.000010 0.000010 0.889346 0.110624
0.000010 0.000010 0.000010 0.999960 0.000010
0.000016 0.000010 0.000010 0.909971 0.089993
0.000010 0.000010 0.000010 0.953462 0.046508
0.000010 0.000010 0.000010 0.528389 0.471581
0.000010 0.000010 0.000010 0.944950 0.055020
0.000013 0.000010 0.000010 0.614318 0.385649
0.006001 0.000010 0.000010 0.591877 0.402102
0.000010 0.000010 0.000010 0.702037 0.297933
0.000010 0.000010 0.000010 0.672922 0.327047
0.000010 0.000010 0.000010 0.553104 0.446866
0.999960 0.000010 0.000010 0.000010 0.000010
0.000010 0.990380 0.000010 0.009590 0.000010
0.999960 0.000010 0.000010 0.000010 0.000010
0.000010 0.000010 0.000010 0.607167 0.392803
0.000010 0.999960 0.000010 0.000010 0.000010
0.000010 0.999960 0.000010 0.000010 0.000010
0.000011 0.000010 0.000010 0.821360 0.178609
0.000010 0.000010 0.000010 0.769083 0.230887
0.000010 0.999960 0.000010 0.000010 0.000010
0.005599 0.000010 0.000010 0.721383 0.272998
0.000010 0.999960 0.000010 0.000010 0.000010
0.000010 0.000010 0.000010 0.243826 0.756144
0.000010 0.000010 0.000010 0.999960 0.000010
0.000015 0.000010 0.000010 0.221960 0.778005
0.000017 0.000010 0.000010 0.806869 0.193094
0.000010 0.999960 0.000010 0.000010 0.000010
0.000010 0.000010 0.434551 0.565419 0.000010
0.000010 0.003867 0.414036 0.582077 0.000010
0.000010 0.000010 0.000010 0.941497 0.058473
0.000010 0.999960 0.000010 0.000010 0.000010
0.000010 0.000010 0.000010 0.616241 0.383729
0.000010 0.999960 0.000010 0.000010 0.000010
0.000010 0.999960 0.000010 0.000010 0.000010
0.000010 0.000010 0.404915 0.595055 0.000010
0.000010 0.000010 0.000010 0.778007 0.221963
0.003880 0.000010 0.000010 0.864191 0.131909
0.000010 0.000010 0.000010 0.939125 0.060845
0.006011 0.000010 0.000010 0.838855 0.155114
0.045238 0.005772 0.003412 0.945568 0.000010
0.000014 0.000010 0.000010 0.919322 0.080645
0.000010 0.000010 0.000010 0.831366 0.168604
0.000010 0.000010 0.495150 0.057971 0.446858
0.005233 0.000010 0.000010 0.563236 0.431511
0.000010 0.000010 0.000010 0.000010 0.999960
0.000010 0.000010 0.000010 0.000010 0.999960
0.000010 0.008052 0.000010 0.303187 0.688740
0.000010 0.000010 0.000010 0.111637 0.888333
0.000010 0.000010 0.000010 0.136717 0.863253
0.000010 0.000010 0.000010 0.731109 0.268861
0.999956 0.000010 0.000014 0.000010 0.000010
0.000010 0.000010 0.130027 0.755459 0.114495
0.000010 0.000010 0.000010 0.189441 0.810529
0.000019 0.989357 0.000010 0.010604 0.000010
0.000010 0.000010 0.000010 0.000010 0.999960
0.000010 0.000013 0.000010 0.795043 0.204924
0.000013 0.000010 0.000010 0.000010 0.999957
0.000010 0.000010 0.999960 0.000010 0.000010
0.019635 0.000010 0.000010 0.564498 0.415847
0.999960 0.000010 0.000010 0.000010 0.000010
0.000010 0.024726 0.000010 0.706808 0.268446
0.000010 0.000010 0.000010 0.999960 0.000010
0.000010 0.000010 0.000010 0.206704 0.793266
0.000010 0.000010 0.000010 0.925429 0.074541
0.000010 0.000013 0.000010 0.397598 0.602370
0.000010 0.000010 0.000010 0.000010 0.999960
0.000010 0.000010 0.000010 0.266449 0.733521
0.000010 0.000010 0.000010 0.847842 0.152128
0.003938 0.013474 0.000010 0.539315 0.443263
0.000010 0.000010 0.000010 0.173731 0.826239
0.000010 0.000010 0.000010 0.000010 0.999960
0.000010 0.000010 0.000010 0.330838 0.669132
0.000010 0.000010 0.000010 0.212878 0.787092
0.000010 0.000010 0.000010 0.954739 0.045231
0.000010 0.000010 0.000010 0.094490 0.905480
0.000012 0.000010 0.000010 0.152832 0.847136
0.000012 0.000010 0.000010 0.839602 0.160367
0.000010 0.000010 0.000010 0.289711 0.710259
0.000010 0.000010 0.000010 0.611925 0.388045
0.000010 0.000010 0.000010 0.738020 0.261950
0.000010 0.000010 0.000010 0.373337 0.626633
0.000010 0.000010 0.000010 0.299782 0.700188
0.000010 0.000010 0.000010 0.828206 0.171764
0.000010 0.000010 0.000010 0.077069 0.922901
0.000010 0.000010 0.000010 0.005050 0.994920
0.000010 0.000010 0.000010 0.999960 0.000010
0.000010 0.000010 0.000010 0.967975 0.031995
