599701_sweeps	1.000/0.000/0.000/0.000	0.000/0.000/0.000/1.000	0.000/0.500/0.500/0.000	0.250/0.250/0.250/0.250	0.500/0.250/0.250/0.000	0.000/0.250/0.250/0.500	0.750/0.125/0.125/0.000	0.000/0.125/0.125/0.750	0.875/0.062/0.062/0.000	0.000/0.062/0.062/0.875
1	0.99880	0.00000	0.00000	0.00000	0.00000	0.00000	0.00000	0.00000	0.00120	0.00000
2	0.99856	0.00000	0.00000	0.00000	0.00000	0.00000	0.00000	0.00000	0.00144	0.00000
3	0.99817	0.00000	0.00000	0.00000	0.00000	0.00000	0.00000	0.00000	0.00183	0.00000
4	0.99959	0.00000	0.00000	0.00000	0.00000	0.00000	0.00000	0.00000	0.00041	0.00000
5	0.98108	0.00000	0.00000	0.00000	0.00000	0.00000	0.00006	0.00000	0.01886	0.00000
6	0.98362	0.00000	0.00000	0.00000	0.00000	0.00000	0.00002	0.00000	0.01636	0.00000
7	0.98602	0.00000	0.00000	0.00000	0.00000	0.00000	0.00001	0.00000	0.01397	0.00000
8	0.99837	0.00000	0.00000	0.00000	0.00000	0.00000	0.00000	0.00000	0.00163	0.00000
9	0.99917	0.00000	0.00000	0.00000	0.00000	0.00000	0.00000	0.00000	0.00083	0.00000
10	0.99714	0.00000	0.00000	0.00000	0.00000	0.00000	0.00000	0.00000	0.00286	0.00000
11	0.98314	0.00000	0.00000	0.00000	0.00000	0.00000	0.00004	0.00000	0.01683	0.00000
12	0.99981	0.00000	0.00000	0.00000	0.00000	0.00000	0.00000	0.00000	0.00019	0.00000
13	0.99959	0.00000	0.00000	0.00000	0.00000	0.00000	0.00000	0.00000	0.00041	0.00000
14	0.99041	0.00000	0.00000	0.00000	0.00000	0.00000	0.00001	0.00000	0.00959	0.00000
15	0.99621	0.00000	0.00000	0.00000	0.00000	0.00000	0.00000	0.00000	0.00379	0.00000
16	0.99980	0.00000	0.00000	0.00000	0.00000	0.00000	0.00000	0.00000	0.00020	0.00000
17	0.99811	0.00000	0.00000	0.00000	0.00000	0.00000	0.00000	0.00000	0.00188	0.00000
18	0.99568	0.00000	0.00000	0.00000	0.00000	0.00000	0.00000	0.00000	0.00432	0.00000
19	0.97338	0.00000	0.00000	0.00000	0.00000	0.00000	0.00006	0.00000	0.02656	0.00000
20	0.99767	0.00000	0.00000	0.00000	0.00000	0.00000	0.00000	0.00000	0.00233	0.00000
21	0.99877	0.00000	0.00000	0.00000	0.00000	0.00000	0.00000	0.00000	0.00123	0.00000
22	0.99335	0.00000	0.00000	0.00000	0.00000	0.00000	0.00001	0.00000	0.00664	0.00000
23	0.71985	0.00000	0.00000	0.00000	0.00000	0.00000	0.00415	0.00000	0.27600	0.00000
24	0.70772	0.00000	0.00000	0.00000	0.00000	0.00000	0.00215	0.00000	0.29013	0.00000
25	0.94913	0.00000	0.00000	0.00000	0.00000	0.00000	0.00020	0.00000	0.05067	0.00000
26	0.99723	0.00000	0.00000	0.00000	0.00000	0.00000	0.00000	0.00000	0.00277	0.00000
27	0.99827	0.00000	0.00000	0.00000	0.00000	0.00000	0.00000	0.00000	0.00173	0.00000
28	0.99158	0.00000	0.00000	0.00000	0.00000	0.00000	0.00001	0.00000	0.00842	0.00000
29	0.99803	0.00000	0.00000	0.00000	0.00000	0.00000	0.00000	0.00000	0.00197	0.00000
30	0.98798	0.00000	0.00000	0.00000	0.00000	0.00000	0.00002	0.00000	0.01200	0.00000
31	0.98412	0.00000	0.00000	0.00000	0.00000	0.00000	0.00002	0.00000	0.01586	0.00000
32	0.99967	0.00000	0.00000	0.00000	0.00000	0.00000	0.00000	0.00000	0.00033	0.00000
33	0.99926	0.00000	0.00000	0.00000	0.00000	0.00000	0.00000	0.00000	0.00074	0.00000
34	0.98390	0.00000	0.00000	0.00000	0.00000	0.00000	0.00002	0.00000	0.01608	0.00000
35	0.66268	0.00000	0.00000	0.00000	0.00000	0.00000	0.00157	0.00000	0.33575	0.00000
36	0.99944	0.00000	0.00000	0.00000	0.00000	0.00000	0.00000	0.00000	0.00056	0.00000
37	0.99419	0.00000	0.00000	0.00000	0.00000	0.00000	0.00000	0.00000	0.00581	0.00000
38	0.99841	0.00000	0.00000	0.00000	0.00000	0.00000	0.00000	0.00000	0.00159	0.00000
39	0.80047	0.00000	0.00000	0.00000	0.00000	0.00000	0.00177	0.00000	0.19775	0.00000
40	0.99563	0.00000	0.00000	0.00000	0.00000	0.00000	0.00000	0.00000	0.00437	0.00000
41	0.99887	0.00000	0.00000	0.00000	0.00000	0.00000	0.00000	0.00000	0.00113	0.00000
42	0.99994	0.00000	0.00000	0.00000	0.00000	0.00000	0.00000	0.00000	0.00006	0.00000
43	0.99932	0.00000	0.00000	0.00000	0.00000	0.00000	0.00000	0.00000	0.00068	0.00000
44	0.97867	0.00000	0.00000	0.00000	0.00000	0.00000	0.00000	0.00000	0.02133	0.00000
45	0.00000	0.96936	0.00000	0.00000	0.00000	0.00000	0.00000	0.00001	0.00000	0.03062
46	0.00000	0.99924	0.00000	0.00000	0.00000	0.00000	0.00000	0.00000	0.00000	0.00076
47	0.99811	0.00000	0.00000	0.00000	0.00000	0.00000	0.00000	0.00000	0.00189	0.00000
48	0.99655	0.00000	0.00000	0.00000	0.00000	0.00000	0.00000	0.00000	0.00345	0.00000
49	0.99008	0.00000	0.00000	0.00000	0.00000	0.00000	0.00001	0.00000	0.00991	0.00000
50	0.00000	0.99616	0.00000	0.00000	0.00000	0.00000	0.00000	0.00000	0.00000	0.00384
51	0.00000	0.99678	0.00000	0.00000	0.00000	0.00000	0.00000	0.00000	0.00000	0.00322
52	0.00000	0.99981	0.00000	0.00000	0.00000	0.00000	0.00000	0.00000	0.00000	0.00019
53	0.00000	0.99486	0.00000	0.00000	0.00000	0.00000	0.00000	0.00000	0.00000	0.00514
54	0.00000	0.99908	0.00000	0.00000	0.00000	0.00000	0.00000	0.00000	0.00000	0.00091
55	0.00000	0.99840	0.00000	0.00000	0.00000	0.00000	0.00000	0.00000	0.00000	0.00160
56	0.00000	0.99936	0.00000	0.00000	0.00000	0.00000	0.00000	0.00000	0.00000	0.00064
57	0.00000	0.99501	0.00000	0.00000	0.00000	0.00000	0.00000	0.00000	0.00000	0.00499
58	0.93677	0.00000	0.00000	0.00000	0.00000	0.00000	0.00082	0.00000	0.06241	0.00000
59	0.96004	0.00000	0.00000	0.00000	0.00000	0.00000	0.00012	0.00000	0.03984	0.00000
60	0.99975	0.00000	0.00000	0.00000	0.00000	0.00000	0.00000	0.00000	0.00025	0.00000
61	0.00000	0.99951	0.00000	0.00000	0.00000	0.00000	0.00000	0.00000	0.00000	0.00049
62	0.00000	0.99981	0.00000	0.00000	0.00000	0.00000	0.00000	0.00000	0.00000	0.00019
63	0.99971	0.00000	0.00000	0.00000	0.00000	0.00000	0.00000	0.00000	0.00029	0.00000
64	0.99987	0.00000	0.00000	0.00000	0.00000	0.00000	0.00000	0.00000	0.00013	0.00000
65	0.99568	0.00000	0.00000	0.00000	0.00000	0.00000	0.00000	0.00000	0.00432	0.00000
66	0.99891	0.00000	0.00000	0.00000	0.00000	0.00000	0.00000	0.00000	0.00109	0.00000
67	0.96643	0.00000	0.00000	0.00000	0.00000	0.00000	0.00004	0.00000	0.03353	0.00000
68	0.99195	0.00000	0.00000	0.00000	0.00000	0.00000	0.00001	0.00000	0.00804	0.00000
69	0.98295	0.00000	0.00000	0.00000	0.00000	0.00000	0.00002	0.00000	0.01703	0.00000
70	0.91406	0.00000	0.00000	0.00000	0.00000	0.00000	0.00007	0.00000	0.08587	0.00000
71	0.99964	0.00000	0.00000	0.00000	0.00000	0.00000	0.00000	0.00000	0.00036	0.00000
72	0.92118	0.00000	0.00000	0.00000	0.00000	0.00000	0.00008	0.00000	0.07874	0.00000
73	0.98891	0.00000	0.00000	0.00000	0.00000	0.00000	0.00002	0.00000	0.01107	0.00000
74	0.99723	0.00000	0.00000	0.00000	0.00000	0.00000	0.00000	0.00000	0.00277	0.00000
75	0.99867	0.00000	0.00000	0.00000	0.00000	0.00000	0.00000	0.00000	0.00133	0.00000
76	0.99525	0.00000	0.00000	0.00000	0.00000	0.00000	0.00000	0.00000	0.00475	0.00000
77	0.99818	0.00000	0.00000	0.00000	0.00000	0.00000	0.00000	0.00000	0.00182	0.00000
78	0.17263	0.00000	0.00000	0.00000	0.00000	0.00000	0.04678	0.00000	0.78059	0.00000
79	0.96876	0.00000	0.00000	0.00000	0.00000	0.00000	0.00002	0.00000	0.03122	0.00000
80	0.93989	0.00000	0.00000	0.00000	0.00000	0.00000	0.00013	0.00000	0.05998	0.00000
81	0.99881	0.00000	0.00000	0.00000	0.00000	0.00000	0.00000	0.00000	0.00119	0.00000
82	0.00000	0.99901	0.00000	0.00000	0.00000	0.00000	0.00000	0.00000	0.00000	0.00099
83	0.00000	0.99691	0.00000	0.00000	0.00000	0.00000	0.00000	0.00000	0.00000	0.00308
84	0.00000	0.99762	0.00000	0.00000	0.00000	0.00000	0.00000	0.00000	0.00000	0.00238
85	0.98095	0.00000	0.00000	0.00000	0.00000	0.00000	0.00003	0.00000	0.01901	0.00000
86	0.00000	0.25513	0.00000	0.00000	0.00000	0.00000	0.00000	0.00527	0.00000	0.73960
87	0.99898	0.00000	0.00000	0.00000	0.00000	0.00000	0.00000	0.00000	0.00102	0.00000
88	0.95281	0.00000	0.00000	0.00000	0.00000	0.00000	0.00005	0.00000	0.04714	0.00000
89	0.99908	0.00000	0.00000	0.00000	0.00000	0.00000	0.00000	0.00000	0.00092	0.00000
90	0.97535	0.00000	0.00000	0.00000	0.00000	0.00000	0.00003	0.00000	0.02463	0.00000
91	0.99833	0.00000	0.00000	0.00000	0.00000	0.00000	0.00000	0.00000	0.00167	0.00000
92	0.98113	0.00000	0.00000	0.00000	0.00000	0.00000	0.00003	0.00000	0.01885	0.00000
93	0.99486	0.00000	0.00000	0.00000	0.00000	0.00000	0.00000	0.00000	0.00513	0.00000
94	0.96801	0.00000	0.00000	0.00000	0.00000	0.00000	0.00014	0.00000	0.03185	0.00000
95	0.98872	0.00000	0.00000	0.00000	0.00000	0.00000	0.00002	0.00000	0.01126	0.00000
96	0.99250	0.00000	0.00000	0.00000	0.00000	0.00000	0.00000	0.00000	0.00749	0.00000
97	0.94610	0.00000	0.00000	0.00000	0.00000	0.00000	0.00009	0.00000	0.05381	0.00000
98	0.88905	0.00000	0.00000	0.00000	0.00000	0.00000	0.00027	0.00000	0.11068	0.00000
99	0.65372	0.00000	0.00000	0.00000	0.00000	0.00000	0.00102	0.00000	0.34525	0.00000
100	0.99594	0.00000	0.00000	0.00000	0.00000	0.00000	0.00000	0.00000	0.00406	0.00000
101	0.83905	0.00000	0.00000	0.00000	0.00000	0.00000	0.00145	0.00000	0.15950	0.00000
102	0.98108	0.00000	0.00000	0.00000	0.00000	0.00000	0.00003	0.00000	0.01890	0.00000
103	0.00000	0.00000	0.00000	0.00000	0.00000	0.00001	0.00000	0.73935	0.00000	0.26064
104	0.00000	0.00000	1.00000	0.00000	0.00000	0.00000	0.00000	0.00000	0.00000	0.00000
105	0.88272	0.00000	0.00000	0.00000	0.00000	0.00000	0.00239	0.00000	0.11490	0.00000
106	0.99708	0.00000	0.00000	0.00000	0.00000	0.00000	0.00000	0.00000	0.00292	0.00000
107	0.98661	0.00000	0.00000	0.00000	0.00000	0.00000	0.00003	0.00000	0.01335	0.00000
108	0.95700	0.00000	0.00000	0.00000	0.00000	0.00000	0.00036	0.00000	0.04264	0.00000
109	0.00000	0.00000	1.00000	0.00000	0.00000	0.00000	0.00000	0.00000	0.00000	0.00000
110	0.74405	0.00000	0.00000	0.00000	0.00000	0.00000	0.01115	0.00000	0.24480	0.00000
111	0.00000	0.00000	1.00000	0.00000	0.00000	0.00000	0.00000	0.00000	0.00000	0.00000
112	0.99742	0.00000	0.00000	0.00000	0.00000	0.00000	0.00000	0.00000	0.00258	0.00000
113	0.98682	0.00000	0.00000	0.00000	0.00000	0.00000	0.00001	0.00000	0.01317	0.00000
114	0.99752	0.00000	0.00000	0.00000	0.00000	0.00000	0.00000	0.00000	0.00248	0.00000
115	0.99841	0.00000	0.00000	0.00000	0.00000	0.00000	0.00000	0.00000	0.00159	0.00000
116	0.99778	0.00000	0.00000	0.00000	0.00000	0.00000	0.00000	0.00000	0.00222	0.00000
117	0.99199	0.00000	0.00000	0.00000	0.00000	0.00000	0.00001	0.00000	0.00800	0.00000
118	0.99678	0.00000	0.00000	0.00000	0.00000	0.00000	0.00000	0.00000	0.00322	0.00000
119	0.99575	0.00000	0.00000	0.00000	0.00000	0.00000	0.00000	0.00000	0.00425	0.00000
120	0.97210	0.00000	0.00000	0.00000	0.00000	0.00000	0.00011	0.00000	0.02779	0.00000
121	0.99950	0.00000	0.00000	0.00000	0.00000	0.00000	0.00000	0.00000	0.00050	0.00000
122	0.97982	0.00000	0.00000	0.00000	0.00000	0.00000	0.00003	0.00000	0.02015	0.00000
123	0.99749	0.00000	0.00000	0.00000	0.00000	0.00000	0.00000	0.00000	0.00250	0.00000
124	0.99459	0.00000	0.00000	0.00000	0.00000	0.00000	0.00000	0.00000	0.00541	0.00000
125	0.99572	0.00000	0.00000	0.00000	0.00000	0.00000	0.00000	0.00000	0.00428	0.00000
126	0.86045	0.00000	0.00000	0.00000	0.00000	0.00000	0.00217	0.00000	0.13738	0.00000
127	0.94811	0.00000	0.00000	0.00000	0.00000	0.00000	0.00070	0.00000	0.05119	0.00000
128	0.98676	0.00000	0.00000	0.00000	0.00000	0.00000	0.00003	0.00000	0.01321	0.00000
129	0.99839	0.00000	0.00000	0.00000	0.00000	0.00000	0.00000	0.00000	0.00161	0.00000
130	0.99889	0.00000	0.00000	0.00000	0.00000	0.00000	0.00000	0.00000	0.00111	0.00000
131	0.99855	0.00000	0.00000	0.00000	0.00000	0.00000	0.00000	0.00000	0.00145	0.00000
132	0.99252	0.00000	0.00000	0.00000	0.00000	0.00000	0.00001	0.00000	0.00747	0.00000
133	0.99934	0.00000	0.00000	0.00000	0.00000	0.00000	0.00000	0.00000	0.00066	0.00000
134	0.98850	0.00000	0.00000	0.00000	0.00000	0.00000	0.00001	0.00000	0.01148	0.00000
135	0.98380	0.00000	0.00000	0.00000	0.00000	0.00000	0.00002	0.00000	0.01618	0.00000
136	0.80240	0.00000	0.00000	0.00000	0.00000	0.00000	0.00547	0.00000	0.19213	0.00000
137	0.94736	0.00000	0.00000	0.00000	0.00000	0.00000	0.00007	0.00000	0.05258	0.00000
138	0.99989	0.00000	0.00000	0.00000	0.00000	0.00000	0.00000	0.00000	0.00011	0.00000
139	0.67152	0.00000	0.00000	0.00000	0.00000	0.00000	0.00301	0.00000	0.32547	0.00000
140	0.99204	0.00000	0.00000	0.00000	0.00000	0.00000	0.00001	0.00000	0.00795	0.00000
141	0.99408	0.00000	0.00000	0.00000	0.00000	0.00000	0.00000	0.00000	0.00592	0.00000
142	0.00000	0.99949	0.00000	0.00000	0.00000	0.00000	0.00000	0.00000	0.00000	0.00051
143	0.26293	0.00000	0.00000	0.00000	0.00000	0.00000	0.00452	0.00000	0.73255	0.00000
144	0.00000	0.99972	0.00000	0.00000	0.00000	0.00000	0.00000	0.00000	0.00000	0.00028
145	0.99746	0.00000	0.00000	0.00000	0.00000	0.00000	0.00000	0.00000	0.00253	0.00000
146	0.00000	0.99945	0.00000	0.00000	0.00000	0.00000	0.00000	0.00000	0.00000	0.00055
147	0.00000	0.98547	0.00000	0.00000	0.00000	0.00000	0.00000	0.00001	0.00000	0.01453
148	0.99476	0.00000	0.00000	0.00000	0.00000	0.00000	0.00000	0.00000	0.00524	0.00000
149	0.96256	0.00000	0.00000	0.00000	0.00000	0.00000	0.00004	0.00000	0.03740	0.00000
150	0.99913	0.00000	0.00000	0.00000	0.00000	0.00000	0.00000	0.00000	0.00087	0.00000
151	0.99955	0.00000	0.00000	0.00000	0.00000	0.00000	0.00000	0.00000	0.00045	0.00000
152	0.99984	0.00000	0.00000	0.00000	0.00000	0.00000	0.00000	0.00000	0.00016	0.00000
153	0.98399	0.00000	0.00000	0.00000	0.00000	0.00000	0.00002	0.00000	0.01599	0.00000
154	0.99732	0.00000	0.00000	0.00000	0.00000	0.00000	0.00000	0.00000	0.00268	0.00000
155	0.99980	0.00000	0.00000	0.00000	0.00000	0.00000	0.00000	0.00000	0.00020	0.00000
156	0.99679	0.00000	0.00000	0.00000	0.00000	0.00000	0.00000	0.00000	0.00321	0.00000
157	0.99147	0.00000	0.00000	0.00000	0.00000	0.00000	0.00000	0.00000	0.00852	0.00000
158	0.99804	0.00000	0.00000	0.00000	0.00000	0.00000	0.00000	0.00000	0.00196	0.00000
159	0.99713	0.00000	0.00000	0.00000	0.00000	0.00000	0.00000	0.00000	0.00287	0.00000
160	0.97857	0.00000	0.00000	0.00000	0.00000	0.00000	0.00003	0.00000	0.02140	0.00000
161	0.99094	0.00000	0.00000	0.00000	0.00000	0.00000	0.00001	0.00000	0.00905	0.00000
162	0.97436	0.00000	0.00000	0.00000	0.00000	0.00000	0.00004	0.00000	0.02560	0.00000
163	0.99931	0.00000	0.00000	0.00000	0.00000	0.00000	0.00000	0.00000	0.00069	0.00000
164	0.52023	0.00000	0.00000	0.00000	0.00000	0.00000	0.00774	0.00000	0.47203	0.00000
165	0.99969	0.00000	0.00000	0.00000	0.00000	0.00000	0.00000	0.00000	0.00031	0.00000
166	0.98370	0.00000	0.00000	0.00000	0.00000	0.00000	0.00002	0.00000	0.01627	0.00000
167	0.91788	0.00000	0.00000	0.00000	0.00000	0.00000	0.00044	0.00000	0.08168	0.00000
168	0.99895	0.00000	0.00000	0.00000	0.00000	0.00000	0.00000	0.00000	0.00105	0.00000
169	0.96764	0.00000	0.00000	0.00000	0.00000	0.00000	0.00004	0.00000	0.03233	0.00000
170	0.99964	0.00000	0.00000	0.00000	0.00000	0.00000	0.00000	0.00000	0.00036	0.00000
171	0.98341	0.00000	0.00000	0.00000	0.00000	0.00000	0.00002	0.00000	0.01657	0.00000
172	0.94128	0.00000	0.00000	0.00000	0.00000	0.00000	0.00013	0.00000	0.05859	0.00000
173	0.99632	0.00000	0.00000	0.00000	0.00000	0.00000	0.00000	0.00000	0.00367	0.00000
174	0.97106	0.00000	0.00000	0.00000	0.00000	0.00000	0.00001	0.00000	0.02893	0.00000
175	0.99797	0.00000	0.00000	0.00000	0.00000	0.00000	0.00000	0.00000	0.00203	0.00000
176	0.97393	0.00000	0.00000	0.00000	0.00000	0.00000	0.00004	0.00000	0.02603	0.00000
177	0.99984	0.00000	0.00000	0.00000	0.00000	0.00000	0.00000	0.00000	0.00016	0.00000
178	0.99725	0.00000	0.00000	0.00000	0.00000	0.00000	0.00000	0.00000	0.00275	0.00000
179	0.98768	0.00000	0.00000	0.00000	0.00000	0.00000	0.00001	0.00000	0.01231	0.00000
180	0.99835	0.00000	0.00000	0.00000	0.00000	0.00000	0.00000	0.00000	0.00165	0.00000
181	0.99969	0.00000	0.00000	0.00000	0.00000	0.00000	0.00000	0.00000	0.00031	0.00000
182	0.99883	0.00000	0.00000	0.00000	0.00000	0.00000	0.00000	0.00000	0.00117	0.00000
183	0.99681	0.00000	0.00000	0.00000	0.00000	0.00000	0.00000	0.00000	0.00319	0.00000
184	0.96234	0.00000	0.00000	0.00000	0.00000	0.00000	0.00011	0.00000	0.03755	0.00000
185	0.99964	0.00000	0.00000	0.00000	0.00000	0.00000	0.00000	0.00000	0.00036	0.00000
186	0.84997	0.00000	0.00000	0.00000	0.00000	0.00000	0.00054	0.00000	0.14950	0.00000
187	0.68744	0.00000	0.00000	0.00000	0.00000	0.00000	0.02112	0.00000	0.29144	0.00000
188	0.98550	0.00000	0.00000	0.00000	0.00000	0.00000	0.00001	0.00000	0.01449	0.00000
189	0.99155	0.00000	0.00000	0.00000	0.00000	0.00000	0.00001	0.00000	0.00845	0.00000
190	0.00000	0.00000	1.00000	0.00000	0.00000	0.00000	0.00000	0.00000	0.00000	0.00000
191	0.93906	0.00000	0.00000	0.00000	0.00000	0.00000	0.00035	0.00000	0.06059	0.00000
192	0.85972	0.00000	0.00000	0.00000	0.00000	0.00000	0.00034	0.00000	0.13994	0.00000
193	0.99718	0.00000	0.00000	0.00000	0.00000	0.00000	0.00000	0.00000	0.00282	0.00000
194	0.99718	0.00000	0.00000	0.00000	0.00000	0.00000	0.00000	0.00000	0.00282	0.00000
195	0.99952	0.00000	0.00000	0.00000	0.00000	0.00000	0.00000	0.00000	0.00048	0.00000
196	0.99867	0.00000	0.00000	0.00000	0.00000	0.00000	0.00000	0.00000	0.00133	0.00000
197	0.99488	0.00000	0.00000	0.00000	0.00000	0.00000	0.00000	0.00000	0.00511	0.00000
198	0.97899	0.00000	0.00000	0.00000	0.00000	0.00000	0.00003	0.00000	0.02098	0.00000
199	0.99418	0.00000	0.00000	0.00000	0.00000	0.00000	0.00000	0.00000	0.00582	0.00000
200	0.99466	0.00000	0.00000	0.00000	0.00000	0.00000	0.00000	0.00000	0.00534	0.00000
201	0.96465	0.00000	0.00000	0.00000	0.00000	0.00000	0.00012	0.00000	0.03523	0.00000
202	0.00000	0.99955	0.00000	0.00000	0.00000	0.00000	0.00000	0.00000	0.00000	0.00045
203	0.92171	0.00000	0.00000	0.00000	0.00000	0.00000	0.00051	0.00000	0.07778	0.00000
204	0.99803	0.00000	0.00000	0.00000	0.00000	0.00000	0.00000	0.00000	0.00197	0.00000
205	0.92925	0.00000	0.00000	0.00000	0.00000	0.00000	0.00044	0.00000	0.07032	0.00000
206	0.98759	0.00000	0.00000	0.00000	0.00000	0.00000	0.00001	0.00000	0.01240	0.00000
207	0.99771	0.00000	0.00000	0.00000	0.00000	0.00000	0.00000	0.00000	0.00229	0.00000
208	0.99948	0.00000	0.00000	0.00000	0.00000	0.00000	0.00000	0.00000	0.00052	0.00000
209	0.99941	0.00000	0.00000	0.00000	0.00000	0.00000	0.00000	0.00000	0.00059	0.00000
210	0.98136	0.00000	0.00000	0.00000	0.00000	0.00000	0.00001	0.00000	0.01862	0.00000
211	0.99791	0.00000	0.00000	0.00000	0.00000	0.00000	0.00000	0.00000	0.00209	0.00000
212	0.66031	0.00000	0.00000	0.00000	0.00000	0.00000	0.00669	0.00000	0.33300	0.00000
213	0.99819	0.00000	0.00000	0.00000	0.00000	0.00000	0.00000	0.00000	0.00181	0.00000
214	0.97567	0.00000	0.00000	0.00000	0.00000	0.00000	0.00001	0.00000	0.02432	0.00000
215	0.98527	0.00000	0.00000	0.00000	0.00000	0.00000	0.00002	0.00000	0.01471	0.00000
216	0.99894	0.00000	0.00000	0.00000	0.00000	0.00000	0.00000	0.00000	0.00106	0.00000
217	0.99705	0.00000	0.00000	0.00000	0.00000	0.00000	0.00000	0.00000	0.00295	0.00000
218	0.99690	0.00000	0.00000	0.00000	0.00000	0.00000	0.00000	0.00000	0.00310	0.00000
219	0.99742	0.00000	0.00000	0.00000	0.00000	0.00000	0.00000	0.00000	0.00258	0.00000
220	0.99954	0.00000	0.00000	0.00000	0.00000	0.00000	0.00000	0.00000	0.00046	0.00000
221	0.98998	0.00000	0.00000	0.00000	0.00000	0.00000	0.00001	0.00000	0.01001	0.00000
222	0.99500	0.00000	0.00000	0.00000	0.00000	0.00000	0.00000	0.00000	0.00500	0.00000
223	0.99711	0.00000	0.00000	0.00000	0.00000	0.00000	0.00000	0.00000	0.00289	0.00000
224	0.99824	0.00000	0.00000	0.00000	0.00000	0.00000	0.00000	0.00000	0.00176	0.00000
225	0.98045	0.00000	0.00000	0.00000	0.00000	0.00000	0.00004	0.00000	0.01952	0.00000
226	0.99731	0.00000	0.00000	0.00000	0.00000	0.00000	0.00000	0.00000	0.00269	0.00000
227	0.99885	0.00000	0.00000	0.00000	0.00000	0.00000	0.00000	0.00000	0.00115	0.00000
228	0.99910	0.00000	0.00000	0.00000	0.00000	0.00000	0.00000	0.00000	0.00090	0.00000
229	0.97830	0.00000	0.00000	0.00000	0.00000	0.00000	0.00004	0.00000	0.02166	0.00000
230	0.99558	0.00000	0.00000	0.00000	0.00000	0.00000	0.00000	0.00000	0.00441	0.00000
